30 62 12 
108 105 112 
2 190 247 
252 116 252 
104 91 92 
67 140 187 
140 103 45 
193 38 120 
135 55 53 
121 67 66 
108 98 128 
120 206 234 
232 208 168 
224 204 28 
220 53 120 
57 120 4 
244 4 107 
33 198 146 
153 77 201 
206 198 12 
16 50 110 
145 171 60 
123 147 13 
35 115 217 
63 80 14 
183 137 135 
188 125 139 
39 159 81 
185 56 158 
130 7 100 
143 23 151 
253 168 66 
58 35 213 
71 70 73 
32 134 153 
47 61 34 
182 249 159 
65 33 62 
147 218 119 
49 93 126 
150 236 149 
45 233 62 
111 35 97 
68 106 168 
141 139 46 
38 186 107 
72 112 101 
232 177 134 
38 68 96 
157 118 189 
27 12 169 
177 57 147 
239 168 182 
80 236 33 
248 122 172 
38 160 102 
146 233 214 
247 209 135 
125 247 204 
221 149 66 
155 176 78 
68 97 135 
215 80 47 
142 161 27 
175 153 149 
91 192 54 
193 82 31 
151 73 240 
30 198 231 
234 163 124 
44 62 45 
122 131 142 
1 90 223 
48 232 128 
76 151 25 
225 242 217 
23 179 43 
54 74 116 
38 105 58 
14 83 222 
138 128 28 
183 250 159 
70 252 250 
37 44 226 
165 120 122 
190 90 108 
152 113 32 
195 168 106 
56 206 211 
114 220 39 
80 103 167 
109 30 161 
12 100 157 
6 137 202 
233 46 66 
99 237 156 
207 133 14 
239 72 182 
90 128 132 
45 243 97 
84 67 200 
251 176 230 
157 189 75 
58 195 212 
4 172 3 
71 15 240 
227 223 117 
241 206 189 
167 40 62 
44 86 49 
141 170 116 
85 166 37 
59 67 226 
134 125 165 
91 130 82 
94 201 97 
78 172 64 
195 158 15 
128 69 55 
190 113 141 
239 254 56 
100 83 222 
137 143 33 
107 21 158 
16 112 32 
98 206 233 
196 28 150 
4 223 52 
19 96 121 
75 30 235 
216 14 233 
16 114 61 
238 251 204 
15 102 225 
174 118 82 
206 217 32 
184 157 61 
78 161 28 
130 181 124 
251 0 155 
230 216 169 
208 233 27 
13 215 22 
217 231 124 
186 149 242 
12 99 203 
45 27 104 
106 105 10 
134 235 191 
3 231 191 
158 205 151 
71 157 128 
98 170 88 
120 131 63 
244 62 212 
230 74 55 
178 119 83 
26 225 188 
36 104 168 
227 107 143 
162 9 92 
58 80 250 
186 178 164 
18 42 40 
81 30 102 
37 4 176 
93 182 40 
176 209 9 
108 245 113 
20 217 220 
163 123 229 
0 181 53 
250 112 231 
158 130 17 
198 212 47 
44 249 52 
221 86 234 
5 6 187 
14 115 177 
128 135 138 
92 43 5 
66 43 187 
119 37 43 
95 195 173 
112 138 129 
160 182 123 
212 147 209 
190 152 216 
122 167 75 
43 39 210 
181 131 253 
186 197 40 
117 61 77 
160 156 17 
78 12 155 
207 172 81 
74 128 229 
28 63 125 
244 185 36 
63 228 75 
17 153 207 
15 83 148 
55 201 209 
133 105 109 
150 183 122 
49 135 38 
130 209 167 
103 237 230 
229 225 159 
9 32 131 
85 50 28 
36 65 111 
184 120 56 
138 253 162 
247 147 89 
113 196 224 
152 71 178 
63 174 159 
37 147 129 
196 157 161 
71 242 211 
99 22 20 
210 206 141 
11 88 138 
173 80 30 
6 193 226 
231 89 41 
153 152 216 
56 189 107 
185 129 8 
91 200 250 
46 43 16 
67 254 223 
208 9 55 
90 182 135 
120 188 73 
91 163 162 
132 60 59 
92 117 248 
200 46 122 
208 137 66 
203 184 110 
219 251 108 
186 203 117 
242 37 43 
121 158 231 
194 249 139 
101 125 199 
160 218 60 
152 162 107 
18 114 244 
85 61 172 
195 25 167 
47 211 114 
164 197 152 
207 63 54 
182 1 47 
65 102 172 
9 6 134 
69 159 40 
176 177 155 
165 6 216 
81 201 241 
249 248 197 
107 156 138 
3 107 201 
57 34 203 
104 99 49 
21 108 56 
155 178 215 
196 98 136 
95 7 143 
55 89 88 
41 82 81 
238 189 237 
120 193 89 
66 250 123 
13 99 222 
62 120 75 
118 19 253 
77 215 95 
214 54 103 
101 110 192 
189 151 18 
14 133 207 
252 253 144 
85 63 139 
208 76 238 
174 139 102 
249 1 121 
246 79 81 
86 37 135 
189 138 245 
125 71 140 
143 86 17 
94 82 15 
239 167 78 
122 119 155 
104 37 38 
206 31 39 
71 21 118 
152 107 155 
32 40 37 
21 165 109 
162 52 195 
179 147 21 
194 130 188 
17 252 51 
172 100 88 
210 50 119 
249 121 141 
112 18 248 
11 50 33 
49 71 198 
158 233 251 
97 157 142 
118 95 16 
50 112 12 
101 28 112 
189 238 162 
53 232 27 
194 88 45 
186 99 95 
219 148 167 
162 50 144 
157 147 45 
43 9 141 
59 59 253 
71 160 26 
183 94 8 
89 147 240 
116 85 72 
162 15 172 
1 235 64 
168 141 115 
57 42 6 
102 85 16 
243 144 75 
241 215 236 
11 142 74 
19 231 221 
4 91 50 
76 253 65 
248 255 44 
57 167 185 
172 224 227 
178 71 56 
194 58 200 
14 43 159 
250 54 45 
68 74 20 
33 78 112 
83 154 109 
148 147 108 
193 204 20 
122 120 244 
94 42 59 
150 237 118 
95 251 161 
254 245 216 
44 57 34 
64 90 112 
176 173 10 
30 65 157 
138 2 105 
158 125 225 
147 219 12 
206 113 249 
68 208 244 
230 207 233 
190 251 34 
224 59 124 
80 236 41 
90 10 106 
248 148 109 
97 51 234 
67 198 197 
79 148 54 
72 217 7 
60 191 214 
37 125 209 
71 93 12 
195 173 248 
236 7 2 
86 255 151 
195 97 202 
173 164 144 
114 243 36 
169 59 253 
176 119 188 
134 156 57 
87 227 150 
99 166 67 
92 146 75 
94 232 74 
245 172 171 
191 89 79 
79 204 66 
116 117 125 
113 37 244 
46 171 144 
103 2 115 
254 101 25 
65 193 171 
140 32 148 
215 21 64 
130 213 153 
210 36 101 
20 152 218 
146 10 255 
134 56 170 
23 159 172 
138 157 18 
164 223 211 
79 107 243 
227 66 9 
35 197 222 
189 151 2 
34 171 155 
253 61 165 
252 196 221 
167 219 124 
83 101 26 
101 9 249 
57 89 100 
44 60 167 
53 96 108 
19 29 3 
22 63 174 
177 60 236 
86 57 176 
51 224 139 
175 51 240 
201 153 250 
194 210 83 
39 254 143 
206 52 239 
58 71 12 
61 93 76 
235 14 136 
215 100 193 
135 151 161 
18 71 213 
3 16 110 
253 211 64 
80 250 62 
223 200 114 
207 2 186 
219 63 23 
39 42 38 
176 2 138 
113 137 34 
19 156 105 
232 159 121 
86 156 76 
150 236 70 
212 203 14 
71 154 16 
1 118 79 
24 157 122 
62 77 124 
201 191 5 
235 210 161 
84 186 64 
205 16 220 
26 166 200 
96 122 148 
111 193 46 
127 194 164 
207 219 66 
73 25 143 
197 226 78 
202 205 32 
108 33 218 
172 239 234 
137 9 144 
81 105 11 
229 216 204 
20 88 143 
184 39 106 
250 112 131 
138 53 102 
216 255 51 
249 107 85 
211 24 68 
190 161 77 
78 242 182 
89 216 143 
38 236 231 
181 164 14 
31 159 126 
162 41 179 
8 1 178 
60 250 30 
145 206 54 
213 140 215 
34 218 201 
216 52 161 
103 90 141 
78 15 50 
92 46 209 
218 208 250 
141 217 251 
64 21 246 
94 166 196 
148 123 80 
107 157 42 
52 117 94 
214 221 184 
99 43 199 
149 136 245 
102 98 198 
96 240 159 
92 48 180 
82 142 90 
22 34 213 
102 141 114 
144 193 231 
239 151 196 
167 251 240 
111 144 120 
100 247 218 
42 87 202 
201 179 250 
125 5 136 
215 27 170 
172 129 55 
30 18 249 
6 1 144 
202 168 139 
186 23 28 
50 124 19 
13 166 106 
215 112 30 
210 237 35 
90 197 63 
5 113 192 
60 144 210 
53 150 211 
198 96 124 
81 27 147 
109 77 15 
128 90 182 
235 50 38 
9 4 19 
44 94 216 
107 99 74 
44 160 218 
254 213 112 
210 155 208 
78 237 235 
225 90 57 
241 219 147 
167 198 197 
205 207 201 
224 251 40 
185 103 139 
3 147 43 
221 145 1 
77 99 156 
29 177 137 
9 147 228 
66 132 191 
213 43 133 
155 248 84 
100 216 79 
140 145 182 
24 148 73 
67 113 219 
68 190 62 
225 220 240 
106 229 131 
78 39 7 
13 252 50 
146 151 42 
230 252 2 
54 136 148 
236 160 40 
54 228 154 
17 40 88 
79 9 52 
63 116 25 
194 194 64 
201 208 61 
251 98 212 
37 73 208 
40 127 89 
188 107 249 
228 161 221 
126 178 6 
215 2 15 
11 65 131 
37 4 70 
101 205 22 
162 201 120 
119 238 193 
71 22 64 
160 210 172 
154 183 77 
119 53 0 
125 12 2 
141 24 67 
16 61 71 
86 162 21 
108 69 222 
229 188 204 
166 3 227 
231 164 181 
147 62 108 
224 181 162 
224 51 174 
226 192 198 
38 208 3 
109 39 166 
130 147 235 
96 120 167 
45 31 170 
16 6 78 
197 153 140 
50 121 66 
212 90 117 
130 60 53 
73 98 5 
76 208 44 
242 82 192 
221 179 56 
132 224 87 
47 240 93 
125 181 246 
10 231 112 
76 187 202 
193 62 6 
246 135 105 
251 211 57 
40 198 139 
232 163 62 
32 40 30 
120 87 14 
213 212 196 
204 222 171 
60 42 103 
6 235 165 
12 225 44 
117 221 255 
174 5 197 
58 237 105 
120 13 145 
151 133 232 
165 91 188 
105 39 155 
21 99 197 
124 105 177 
33 117 146 
77 235 111 
76 153 116 
18 211 97 
123 76 111 
12 227 244 
244 136 79 
176 242 118 
75 7 217 
17 131 66 
194 164 184 
84 241 163 
196 61 60 
56 79 16 
154 202 92 
9 214 63 
253 202 199 
77 123 185 
195 198 192 
157 215 67 
223 153 231 
151 238 216 
58 178 22 
119 234 101 
135 132 48 
227 141 6 
34 139 209 
233 216 76 
163 155 18 
99 56 234 
167 24 131 
142 175 113 
103 234 35 
125 97 14 
226 232 146 
18 203 32 
25 237 171 
234 214 131 
54 121 30 
72 221 87 
50 132 111 
182 18 30 
39 121 8 
75 246 105 
89 217 81 
235 235 28 
11 4 9 
182 238 224 
57 36 89 
88 109 54 
175 159 186 
30 85 205 
60 125 70 
69 200 61 
174 33 22 
0 12 1 
28 24 6 
38 206 244 
6 8 25 
95 96 134 
150 15 37 
80 45 123 
29 105 248 
100 174 192 
161 93 225 
183 93 237 
184 121 5 
190 159 212 
179 165 220 
204 5 60 
82 155 75 
119 235 120 
242 9 225 
234 109 144 
170 14 237 
139 197 74 
121 125 195 
126 60 99 
82 239 8 
46 187 13 
106 13 168 
181 132 148 
45 119 157 
15 97 10 
159 12 24 
140 151 221 
214 16 90 
153 143 150 
252 225 133 
5 16 64 
18 122 77 
187 48 210 
79 93 73 
236 108 170 
246 11 182 
14 151 78 
235 109 94 
69 7 237 
220 3 207 
97 8 223 
162 27 89 
239 214 137 
193 37 231 
10 17 83 
181 7 95 
107 21 246 
185 0 100 
24 69 107 
5 33 110 
212 131 119 
179 37 146 
13 20 104 
150 214 141 
125 224 158 
209 149 165 
48 1 186 
38 186 186 
138 210 255 
245 216 33 
100 172 164 
219 96 201 
109 109 221 
213 3 179 
98 129 148 
0 82 41 
165 130 42 
95 168 229 
25 51 183 
24 40 143 
57 140 60 
221 103 156 
166 212 9 
132 169 12 
55 11 141 
203 11 223 
245 176 97 
31 15 10 
4 40 61 
188 65 101 
75 122 242 
135 88 89 
35 254 46 
44 130 215 
57 186 227 
198 133 238 
166 122 159 
7 154 174 
17 158 215 
78 90 24 
180 166 146 
166 45 234 
255 81 233 
45 125 107 
5 182 37 
232 125 171 
214 35 37 
117 42 191 
36 60 94 
251 138 184 
19 62 94 
165 228 140 
144 228 221 
121 17 90 
228 22 17 
10 254 142 
181 213 177 
218 74 219 
154 110 23 
248 105 162 
176 124 224 
15 34 197 
155 178 169 
120 43 186 
210 15 209 
227 25 207 
113 206 164 
34 169 239 
254 67 93 
21 59 199 
183 235 67 
152 250 101 
93 149 23 
6 13 66 
192 224 82 
145 195 107 
97 53 58 
5 87 227 
244 85 38 
82 107 97 
25 34 76 
92 186 71 
194 23 220 
217 29 234 
28 222 202 
110 111 141 
217 208 194 
19 214 26 
246 202 111 
28 28 218 
125 53 253 
202 146 183 
17 84 207 
237 45 236 
215 73 202 
161 183 58 
47 145 10 
241 164 224 
11 155 171 
123 183 199 
85 53 253 
82 255 143 
10 16 227 
217 253 16 
197 213 90 
144 118 17 
202 165 162 
212 151 71 
181 162 226 
96 29 153 
39 115 206 
36 197 205 
179 207 221 
150 168 219 
167 110 176 
1 254 38 
18 200 204 
181 156 99 
252 81 5 
222 177 35 
119 217 150 
70 253 91 
19 177 43 
241 71 211 
204 238 65 
124 239 63 
162 2 7 
110 183 164 
209 179 245 
215 145 167 
250 8 128 
144 78 125 
235 98 46 
22 83 118 
234 31 100 
43 155 84 
107 61 86 
114 172 13 
22 125 192 
12 84 81 
179 78 89 
51 222 168 
176 202 10 
223 224 93 
85 202 124 
185 246 23 
13 97 84 
99 211 0 
112 234 126 
48 246 210 
129 169 33 
219 220 255 
131 140 201 
141 107 170 
234 192 116 
102 122 106 
125 135 203 
209 235 159 
210 91 137 
80 140 127 
34 13 40 
67 232 4 
67 107 144 
12 248 252 
182 226 188 
43 72 54 
149 197 190 
97 151 169 
0 105 4 
137 185 144 
8 219 158 
48 31 134 
52 98 242 
196 110 234 
192 37 205 
125 80 21 
179 229 219 
113 70 114 
26 70 219 
31 207 148 
175 215 111 
77 7 142 
212 59 240 
198 0 95 
176 192 132 
125 61 212 
147 241 185 
110 98 0 
224 125 70 
187 156 22 
79 75 237 
190 153 245 
77 109 48 
61 51 48 
156 227 241 
32 97 46 
244 244 31 
174 98 130 
174 66 255 
244 253 155 
10 76 230 
248 10 127 
237 87 236 
29 149 31 
78 49 3 
63 82 100 
109 70 88 
141 244 186 
15 162 252 
14 151 249 
169 161 69 
143 153 79 
15 134 167 
251 164 60 
27 242 109 
30 49 191 
130 158 6 
218 43 250 
148 58 157 
144 72 52 
137 241 213 
206 129 111 
29 144 245 
196 139 153 
0 166 139 
110 196 188 
45 70 91 
51 32 134 
46 180 193 
203 68 9 
255 205 251 
212 155 124 
67 185 12 
57 125 151 
210 126 62 
94 236 2 
26 25 73 
117 77 105 
252 123 30 
189 70 98 
198 69 48 
193 25 203 
61 93 132 
73 150 2 
225 104 128 
31 198 108 
33 225 133 
106 86 210 
212 82 77 
242 15 147 
84 214 216 
132 151 242 
80 213 79 
212 30 229 
214 255 77 
86 30 20 
194 64 245 
72 170 75 
26 126 158 
104 112 173 
251 197 131 
212 73 27 
198 153 240 
21 110 14 
250 68 14 
71 155 44 
91 93 108 
80 165 23 
156 192 149 
58 40 6 
231 35 203 
107 247 20 
134 189 174 
118 210 28 
132 204 96 
146 20 251 
191 111 89 
43 192 254 
66 92 190 
216 150 230 
222 125 10 
169 232 1 
189 110 191 
107 228 145 
135 105 94 
232 251 114 
227 186 225 
60 230 161 
59 40 253 
249 0 147 
224 222 17 
234 135 249 
235 69 104 
170 176 76 
60 56 181 
154 32 177 
12 3 107 
237 64 81 
143 123 122 
140 116 122 
32 84 89 
49 62 224 
42 42 37 
146 212 214 
223 16 14 
148 170 46 
69 182 49 
177 164 113 
2 51 236 
124 191 97 
247 223 181 
80 16 244 
48 59 30 
86 205 242 
44 172 3 
58 65 173 
104 134 100 
153 55 8 
11 58 59 
247 182 250 
88 173 218 
14 253 234 
2 46 37 
32 132 243 
18 176 159 
21 234 224 
195 82 103 
39 235 158 
47 246 216 
106 238 143 
100 70 60 
62 84 58 
41 86 104 
78 118 236 
65 137 156 
225 158 134 
193 97 216 
40 136 195 
199 183 186 
159 33 168 
46 134 238 
107 196 67 
165 237 153 
13 60 16 
249 125 153 
149 94 55 
27 32 153 
243 72 33 
182 15 217 
112 175 250 
24 221 128 
7 72 69 
74 237 50 
227 250 110 
243 243 236 
140 136 74 
196 163 106 
93 150 179 
126 77 194 
87 189 113 
82 214 79 
210 221 151 
23 39 133 
74 10 127 
184 254 115 
164 138 251 
239 78 159 
89 171 53 
12 42 130 
207 129 64 
64 211 22 
143 166 243 
39 189 26 
172 7 36 
43 192 34 
158 100 173 
154 83 251 
57 173 167 
110 185 209 
241 136 82 
49 201 38 
71 88 204 
58 127 137 
84 43 145 
120 87 81 
155 245 181 
72 143 9 
67 200 182 
234 55 111 
187 40 248 
14 89 193 
52 160 25 
0 218 153 
137 46 196 
26 166 27 
107 65 17 
33 137 160 
42 205 105 
224 183 160 
79 115 200 
71 129 33 
8 181 193 
34 181 155 
187 62 201 
127 89 111 
155 196 177 
172 229 58 
76 15 7 
181 239 191 
85 63 50 
29 134 179 
62 143 104 
255 177 29 
154 108 91 
99 235 180 
211 134 121 
132 50 94 
190 127 110 
198 52 93 
133 138 156 
183 167 35 
106 230 178 
210 229 99 
239 128 207 
74 227 186 
255 182 65 
120 58 115 
214 249 242 
68 191 39 
162 68 177 
62 251 88 
97 101 62 
19 55 36 
118 38 164 
69 112 135 
0 111 62 
65 231 120 
180 190 113 
167 2 48 
206 164 116 
127 227 111 
215 68 212 
22 88 11 
58 206 49 
222 20 162 
101 20 17 
163 85 249 
28 9 183 
141 176 185 
190 126 94 
50 253 65 
162 213 133 
118 235 221 
130 37 172 
179 3 192 
85 104 212 
103 12 41 
96 40 50 
23 181 227 
208 115 97 
46 166 95 
111 72 52 
245 190 31 
210 64 68 
126 244 71 
62 73 175 
18 176 187 
59 16 227 
110 39 153 
81 248 12 
178 38 178 
17 150 250 
69 139 185 
100 93 249 
168 220 237 
239 26 55 
159 45 231 
90 104 248 
62 214 31 
215 39 23 
227 218 62 
150 235 212 
144 49 95 
73 149 188 
67 62 152 
48 45 179 
103 204 224 
79 39 72 
71 101 31 
102 60 70 
126 31 32 
188 181 12 
144 70 61 
239 143 210 
171 210 16 
68 3 62 
247 106 10 
215 185 49 
31 0 150 
62 103 210 
133 229 242 
165 161 167 
177 49 237 
238 32 125 
193 203 79 
209 15 82 
15 6 189 
26 221 118 
75 253 119 
226 59 222 
180 192 195 
166 102 100 
78 23 149 
59 6 181 
184 199 128 
8 152 144 
90 168 150 
23 194 116 
142 13 113 
5 239 172 
227 164 109 
166 74 211 
10 152 234 
159 212 240 
84 140 183 
212 148 80 
100 239 248 
251 6 186 
111 148 199 
224 153 183 
140 124 91 
249 34 165 
204 44 62 
183 203 18 
167 31 158 
95 244 51 
175 88 34 
167 83 40 
97 194 189 
40 162 86 
223 47 211 
58 40 245 
224 245 34 
30 172 237 
48 83 13 
206 178 1 
1 97 89 
35 8 173 
76 105 111 
9 146 18 
95 113 65 
50 172 105 
40 140 94 
74 170 10 
55 218 94 
68 168 16 
69 170 114 
159 205 122 
76 25 228 
187 34 118 
205 130 231 
14 180 147 
120 220 31 
214 38 201 
225 94 163 
63 162 76 
79 232 246 
193 135 195 
60 211 221 
32 142 255 
150 92 129 
125 106 54 
17 226 18 
48 185 57 
250 154 151 
157 217 57 
233 40 33 
223 234 168 
163 38 123 
128 70 10 
127 220 102 
1 89 208 
55 106 179 
73 155 108 
130 149 6 
25 50 223 
83 28 7 
116 251 241 
29 158 23 
152 30 93 
162 158 57 
8 159 147 
217 214 253 
140 31 152 
248 162 45 
254 187 96 
221 14 124 
228 131 119 
214 160 22 
237 56 52 
75 219 210 
132 227 113 
23 188 71 
21 72 103 
173 64 9 
219 62 196 
59 27 211 
183 0 86 
46 214 246 
68 195 46 
121 14 9 
75 147 237 
189 170 169 
4 191 242 
107 109 50 
116 72 113 
57 131 140 
12 58 140 
98 104 98 
88 173 38 
134 38 52 
144 113 199 
125 46 114 
38 51 49 
24 158 158 
75 19 230 
188 76 105 
72 88 163 
213 186 12 
55 18 185 
93 152 223 
146 40 80 
89 165 127 
203 204 178 
253 228 80 
155 47 99 
130 235 175 
235 52 7 
143 9 193 
155 64 211 
84 158 108 
51 48 148 
131 137 58 
2 85 6 
180 82 234 
5 237 26 
104 111 5 
24 91 57 
31 234 66 
225 133 131 
180 217 33 
32 12 81 
181 143 218 
239 146 47 
245 70 129 
223 75 111 
249 180 222 
255 204 57 
56 235 35 
123 204 168 
254 129 129 
31 161 141 
112 86 29 
74 69 175 
122 58 245 
251 26 65 
106 19 245 
73 18 193 
130 75 172 
166 198 121 
78 196 250 
208 227 155 
93 83 242 
122 157 55 
41 23 114 
31 19 140 
96 125 159 
85 198 178 
22 73 253 
194 239 195 
59 61 135 
53 13 106 
209 107 189 
195 229 90 
250 15 114 
108 46 133 
248 142 2 
152 227 201 
74 249 18 
71 187 1 
10 247 62 
145 44 76 
251 253 183 
184 192 156 
18 187 171 
132 39 217 
9 32 103 
12 184 74 
213 2 67 
231 73 255 
232 83 246 
38 228 34 
114 223 32 
41 151 224 
198 169 155 
113 46 195 
75 55 227 
178 67 155 
253 24 157 
64 255 230 
63 231 57 
53 14 29 
88 128 252 
120 170 147 
88 112 60 
244 225 106 
183 44 162 
154 223 229 
53 220 254 
210 28 253 
184 92 229 
241 145 243 
14 233 115 
10 97 29 
157 186 141 
217 174 111 
68 101 155 
230 255 122 
203 52 86 
201 6 115 
199 190 207 
172 175 96 
159 189 74 
18 199 171 
48 100 101 
189 61 19 
44 129 120 
200 103 119 
66 51 171 
153 252 177 
12 195 111 
219 111 30 
59 14 219 
133 33 162 
49 81 6 
150 14 68 
170 59 197 
34 3 45 
154 69 96 
69 222 92 
247 234 32 
102 197 143 
133 1 158 
96 134 191 
3 183 16 
9 78 30 
77 248 89 
19 26 92 
64 180 162 
160 250 128 
252 241 107 
28 87 48 
172 220 49 
74 61 184 
9 64 111 
25 73 189 
55 151 181 
145 170 208 
237 234 132 
143 138 126 
16 134 111 
123 163 199 
171 79 163 
221 153 224 
149 162 32 
4 187 106 
194 242 1 
119 131 171 
71 113 149 
204 0 31 
74 16 165 
186 139 72 
129 55 151 
36 20 48 
5 169 210 
37 173 141 
143 111 128 
144 231 3 
59 46 116 
208 250 117 
239 69 133 
149 255 17 
221 128 72 
117 164 92 
165 169 5 
120 207 178 
5 94 34 
133 239 9 
137 42 55 
253 251 50 
114 234 119 
248 127 118 
9 93 246 
81 210 154 
173 119 68 
178 239 19 
100 245 113 
134 122 96 
143 3 139 
199 1 134 
249 115 112 
112 107 240 
230 116 77 
220 197 31 
118 114 150 
186 36 134 
205 137 123 
63 15 245 
159 159 249 
42 102 250 
176 95 109 
33 207 217 
17 181 77 
94 145 19 
125 7 133 
19 194 170 
153 143 51 
20 206 66 
10 110 225 
3 152 71 
253 73 166 
106 106 117 
67 123 42 
145 217 187 
164 86 195 
41 105 133 
211 3 20 
6 23 227 
73 33 81 
42 36 233 
114 33 50 
24 140 156 
142 207 23 
184 96 240 
116 4 70 
55 46 176 
188 1 179 
208 8 202 
179 81 236 
4 123 16 
238 237 50 
32 6 190 
189 148 141 
212 76 238 
197 192 242 
11 247 32 
187 179 34 
110 132 42 
57 55 123 
37 60 246 
53 42 228 
103 74 234 
37 7 126 
179 220 202 
161 161 139 
147 172 130 
180 104 54 
214 214 186 
0 15 241 
123 52 45 
113 106 87 
85 209 162 
63 247 169 
189 170 133 
136 75 38 
19 222 211 
149 146 59 
203 104 17 
133 104 33 
119 227 85 
164 85 191 
252 170 145 
158 234 136 
71 167 50 
205 47 125 
243 66 91 
198 216 238 
1 163 86 
19 41 191 
52 160 162 
137 68 247 
73 64 162 
218 222 140 
98 38 51 
148 243 99 
17 230 165 
108 173 125 
90 174 33 
177 193 74 
112 245 234 
18 127 46 
10 200 111 
172 162 77 
56 4 115 
107 152 102 
206 169 77 
116 21 250 
241 112 168 
18 33 106 
92 145 95 
70 163 222 
117 173 166 
228 89 72 
49 145 76 
165 253 228 
11 203 141 
88 63 163 
82 49 19 
251 67 52 
101 160 197 
196 230 104 
163 91 22 
73 63 111 
146 113 1 
222 22 254 
195 33 201 
80 122 9 
243 204 58 
6 199 125 
58 44 29 
255 241 4 
104 148 95 
126 221 159 
237 111 16 
238 78 38 
236 17 71 
182 97 193 
191 85 142 
249 91 85 
118 150 130 
148 149 115 
152 253 7 
247 123 228 
150 105 84 
166 87 162 
204 68 179 
20 250 20 
213 185 105 
99 178 197 
185 40 91 
59 188 240 
174 84 238 
181 76 105 
153 226 210 
237 137 42 
143 85 110 
66 105 104 
87 63 33 
192 162 211 
133 91 251 
224 150 184 
209 68 12 
191 249 88 
40 147 59 
251 128 196 
37 16 25 
147 82 131 
251 169 194 
28 106 100 
239 239 192 
234 208 86 
162 161 155 
175 96 148 
7 136 39 
66 131 168 
6 168 184 
32 59 10 
163 54 180 
101 82 30 
201 65 13 
137 44 221 
224 206 126 
123 125 222 
15 133 103 
55 199 234 
223 206 147 
151 238 206 
161 145 5 
85 246 87 
115 191 153 
129 73 197 
94 41 147 
221 164 17 
187 179 150 
34 234 93 
13 201 43 
160 96 25 
110 2 170 
115 87 160 
203 203 96 
100 76 169 
41 170 210 
188 135 118 
205 67 41 
99 101 20 
193 114 221 
236 18 62 
6 129 64 
176 244 151 
81 191 98 
177 35 174 
90 76 89 
44 9 224 
162 214 35 
203 58 137 
223 251 251 
189 231 14 
251 237 143 
59 158 131 
210 239 67 
53 160 102 
227 250 179 
60 38 188 
29 200 146 
64 147 204 
201 115 199 
197 48 175 
211 43 156 
98 102 58 
229 56 41 
40 109 201 
143 81 195 
66 141 233 
254 170 177 
144 235 69 
93 180 184 
36 121 232 
211 76 19 
112 174 121 
170 148 177 
212 188 31 
157 75 112 
97 141 253 
74 139 168 
252 28 147 
65 121 71 
249 157 193 
225 113 13 
244 225 188 
109 139 80 
30 95 12 
61 253 88 
173 94 229 
171 168 113 
83 164 141 
230 229 6 
45 222 163 
238 191 20 
252 179 245 
184 32 129 
8 63 224 
20 124 221 
108 42 59 
82 213 228 
195 40 136 
80 14 110 
86 59 76 
249 42 12 
14 38 191 
3 222 224 
132 230 31 
101 250 155 
66 103 197 
126 185 154 
98 124 194 
234 204 208 
88 34 12 
165 27 54 
177 41 92 
112 45 58 
80 177 32 
111 22 26 
11 89 129 
208 215 58 
107 57 182 
45 35 130 
254 124 164 
10 33 192 
64 210 233 
156 66 22 
214 147 200 
246 2 222 
16 13 55 
146 222 14 
204 73 71 
131 118 107 
5 116 231 
170 126 8 
106 190 218 
83 90 28 
106 48 175 
50 38 178 
16 55 191 
72 201 157 
86 149 230 
158 24 93 
9 30 209 
240 200 80 
248 50 14 
210 133 105 
238 239 153 
158 33 192 
80 50 247 
15 122 192 
173 208 85 
147 110 110 
240 119 140 
194 103 84 
18 95 134 
32 49 11 
137 32 251 
35 190 28 
227 14 78 
218 29 200 
154 202 153 
239 94 7 
93 78 127 
233 16 230 
61 34 70 
195 67 119 
207 204 151 
202 239 85 
230 210 99 
53 172 129 
253 70 75 
150 54 169 
158 147 248 
29 125 8 
3 186 43 
73 126 110 
193 77 58 
88 23 42 
174 253 252 
17 50 169 
146 48 239 
222 198 37 
135 100 185 
127 129 54 
136 133 240 
179 206 110 
33 143 187 
91 232 210 
133 150 208 
130 167 2 
43 58 50 
26 24 249 
64 159 93 
249 31 223 
47 167 100 
31 90 50 
142 123 194 
73 214 170 
28 92 64 
236 222 231 
238 9 33 
33 35 57 
26 99 217 
119 92 248 
86 139 159 
186 171 249 
237 57 116 
175 130 74 
89 158 166 
153 138 132 
128 121 141 
162 154 177 
219 180 20 
180 43 113 
172 130 252 
75 60 167 
68 41 224 
184 216 99 
3 49 1 
169 202 140 
46 75 5 
187 237 159 
108 200 83 
129 125 126 
242 41 0 
238 117 61 
150 185 102 
118 114 63 
217 117 112 
219 30 59 
103 76 134 
108 8 115 
11 116 59 
94 245 184 
220 231 226 
221 214 87 
26 108 16 
128 226 130 
191 188 247 
48 151 22 
107 254 98 
241 106 106 
100 117 223 
159 211 212 
88 175 188 
58 140 146 
145 166 254 
161 39 224 
36 230 156 
27 22 51 
49 129 49 
148 114 155 
254 214 16 
221 118 227 
178 206 147 
110 8 31 
0 153 198 
254 58 237 
222 94 211 
123 122 234 
174 171 107 
224 63 222 
123 62 180 
140 27 42 
111 205 248 
2 59 0 
34 59 153 
232 57 212 
213 24 50 
168 147 172 
146 65 88 
254 33 151 
220 157 213 
144 41 241 
187 152 190 
179 155 250 
180 189 53 
77 165 111 
33 122 135 
84 34 26 
0 181 91 
88 179 125 
240 143 26 
197 31 67 
182 218 219 
117 142 118 
111 66 51 
164 143 216 
19 177 82 
154 5 117 
180 5 42 
16 94 221 
141 78 108 
167 19 139 
234 202 102 
197 63 244 
60 174 54 
111 82 197 
72 102 118 
154 0 123 
15 181 129 
57 197 223 
22 82 45 
130 249 64 
14 227 10 
116 168 73 
104 228 247 
158 84 74 
99 156 176 
218 54 176 
85 70 101 
214 127 42 
181 150 124 
226 24 117 
35 38 88 
45 154 1 
119 2 229 
110 160 57 
184 4 213 
104 222 12 
25 51 82 
126 10 209 
169 191 103 
37 162 128 
155 197 166 
243 242 65 
244 105 67 
218 216 228 
19 144 232 
233 249 198 
245 18 249 
71 144 3 
24 57 195 
128 95 101 
0 250 42 
166 237 28 
231 226 134 
43 188 94 
15 207 238 
247 184 231 
189 173 249 
182 244 138 
186 13 195 
125 141 34 
226 141 28 
12 51 10 
40 27 236 
174 70 168 
12 85 119 
251 76 48 
226 9 221 
220 191 210 
102 121 223 
41 246 108 
76 216 249 
104 228 44 
114 13 71 
94 187 141 
6 200 226 
126 195 46 
174 165 55 
139 129 247 
93 231 112 
60 17 103 
168 93 63 
161 197 36 
206 56 49 
21 150 236 
163 157 180 
133 27 119 
180 201 29 
235 84 158 
226 178 134 
83 238 151 
186 151 244 
249 56 185 
29 6 241 
78 28 136 
59 191 37 
239 68 64 
103 248 9 
132 228 93 
34 198 15 
168 25 254 
63 211 149 
51 205 205 
237 234 212 
222 57 240 
102 116 175 
139 99 243 
203 202 236 
212 78 208 
50 113 150 
65 25 176 
63 89 131 
212 140 80 
162 121 59 
118 88 116 
102 190 232 
21 74 75 
8 21 22 
244 234 100 
196 28 213 
91 93 239 
11 157 72 
142 113 212 
223 19 78 
26 137 166 
142 239 100 
118 4 174 
193 13 196 
215 1 174 
60 198 202 
17 33 39 
0 44 196 
72 186 54 
29 153 73 
107 179 211 
17 65 194 
117 183 199 
36 121 212 
232 80 213 
150 140 155 
96 158 188 
135 158 232 
76 231 163 
130 4 60 
203 111 240 
158 128 49 
97 245 233 
40 25 98 
252 1 178 
209 151 63 
109 247 221 
41 127 123 
18 203 98 
181 77 102 
241 24 213 
225 183 85 
19 24 75 
252 64 100 
94 60 102 
16 13 253 
79 122 245 
44 164 116 
168 182 63 
10 107 140 
113 92 164 
70 62 91 
156 81 115 
231 77 179 
75 171 239 
177 187 253 
175 11 119 
164 55 27 
24 223 209 
87 234 60 
227 91 153 
135 161 215 
227 61 40 
86 36 117 
10 112 32 
249 33 219 
246 208 230 
110 116 30 
137 140 253 
91 227 231 
151 198 66 
48 78 228 
7 49 33 
47 135 70 
164 145 182 
196 139 215 
160 129 168 
134 239 28 
164 121 169 
162 212 140 
137 107 83 
204 156 161 
176 163 210 
209 211 89 
23 119 235 
205 60 118 
165 220 247 
77 98 231 
105 7 96 
18 169 52 
159 50 159 
242 254 59 
147 174 223 
101 128 178 
190 151 41 
169 101 101 
31 10 65 
23 87 164 
254 192 171 
94 211 84 
146 114 134 
49 100 133 
109 247 51 
76 92 179 
254 26 75 
39 196 176 
141 227 186 
206 250 17 
114 248 209 
29 86 164 
113 232 22 
248 26 122 
125 135 113 
176 211 205 
100 209 232 
175 248 172 
95 133 143 
25 84 138 
42 198 130 
251 228 217 
160 85 193 
182 77 219 
49 202 98 
162 123 53 
112 223 6 
88 142 255 
4 237 132 
147 6 216 
29 48 159 
160 43 131 
121 203 216 
58 130 38 
22 179 240 
120 85 107 
174 197 74 
180 29 216 
179 33 197 
56 181 203 
16 210 251 
175 114 39 
50 235 242 
11 38 116 
49 60 39 
33 180 125 
141 98 66 
215 23 96 
176 202 129 
117 2 54 
65 19 9 
60 194 123 
99 245 103 
86 0 141 
202 49 201 
242 82 125 
111 223 224 
177 183 247 
17 103 193 
147 220 196 
201 29 215 
210 90 153 
78 189 142 
181 19 142 
66 222 191 
11 208 18 
136 63 241 
104 240 168 
95 2 15 
33 149 236 
229 94 9 
188 49 99 
85 127 33 
228 52 52 
114 118 18 
50 129 226 
68 9 33 
53 114 18 
222 209 20 
237 242 169 
217 215 7 
227 147 56 
70 233 183 
103 205 235 
156 63 97 
174 113 226 
145 181 236 
178 235 94 
196 201 47 
216 182 34 
129 144 249 
137 115 141 
193 185 118 
121 33 67 
100 189 130 
198 107 244 
168 252 169 
148 175 148 
242 115 93 
34 76 20 
68 205 164 
61 86 23 
202 24 208 
64 145 241 
131 245 174 
6 187 26 
250 100 22 
163 248 197 
56 235 57 
149 13 133 
169 81 82 
77 142 169 
100 89 193 
53 153 82 
38 29 71 
213 35 3 
239 29 103 
5 192 95 
203 248 74 
4 142 87 
137 55 168 
219 133 55 
132 233 144 
69 30 41 
151 69 70 
223 26 105 
226 9 134 
73 14 71 
168 217 63 
243 221 205 
74 102 5 
243 66 138 
42 198 115 
186 12 146 
227 163 215 
42 130 241 
147 100 250 
26 173 8 
97 86 226 
160 73 191 
110 147 38 
115 134 104 
253 176 46 
112 106 58 
2 78 222 
217 120 96 
202 11 197 
196 37 114 
205 134 200 
175 39 17 
110 149 165 
148 8 43 
252 5 220 
43 117 70 
101 120 148 
67 81 12 
164 28 24 
105 224 61 
219 173 196 
164 92 235 
181 203 128 
90 95 136 
134 92 141 
98 135 2 
168 236 122 
61 48 204 
73 212 232 
97 61 200 
159 24 118 
99 188 210 
78 114 157 
206 204 253 
86 82 89 
227 180 224 
229 93 204 
96 154 252 
44 227 208 
20 69 13 
220 228 38 
82 71 226 
37 149 84 
194 99 33 
191 185 115 
24 156 40 
248 129 133 
197 225 31 
193 13 2 
146 33 71 
159 254 43 
197 80 114 
168 117 7 
252 56 106 
29 247 35 
145 16 191 
185 8 65 
62 205 34 
93 143 48 
95 33 81 
167 192 79 
210 134 160 
69 46 21 
76 42 77 
183 72 69 
218 217 85 
154 146 93 
219 208 43 
253 45 186 
45 140 219 
127 51 155 
206 6 33 
110 75 79 
132 151 122 
209 78 194 
22 41 155 
107 195 45 
201 158 253 
244 155 42 
174 201 182 
137 72 234 
36 22 240 
70 133 59 
149 9 210 
15 218 33 
209 241 74 
108 92 13 
153 37 171 
150 25 70 
192 199 15 
119 80 87 
97 117 110 
81 187 243 
140 80 252 
94 96 214 
127 49 199 
201 158 36 
214 55 73 
129 206 99 
200 142 42 
215 5 123 
47 102 240 
157 183 171 
144 67 251 
140 162 91 
98 33 141 
42 235 43 
78 193 98 
151 67 48 
250 11 191 
37 226 196 
160 17 43 
144 174 226 
59 62 38 
54 202 200 
146 45 233 
31 87 212 
74 165 150 
172 60 217 
221 55 228 
156 92 198 
96 252 216 
139 140 134 
110 199 197 
148 253 143 
92 143 188 
69 174 19 
26 248 184 
176 165 245 
137 130 44 
109 30 136 
51 126 132 
11 10 16 
146 120 215 
87 12 212 
230 104 100 
163 173 18 
182 199 11 
111 119 176 
100 0 50 
144 109 80 
24 161 206 
156 172 216 
172 62 80 
131 149 92 
87 124 196 
187 31 114 
206 213 57 
217 68 177 
137 168 177 
187 56 31 
11 80 192 
217 236 108 
178 152 171 
2 27 64 
95 115 188 
35 46 219 
149 252 177 
207 213 245 
128 94 158 
49 25 214 
80 36 39 
16 254 19 
125 176 172 
40 178 199 
104 17 58 
37 53 105 
0 202 101 
177 153 59 
167 25 153 
69 75 179 
27 155 215 
66 172 213 
86 41 133 
2 81 56 
201 185 73 
4 222 126 
109 223 73 
210 144 226 
13 55 252 
167 124 71 
90 152 226 
49 218 142 
7 48 183 
140 50 8 
196 252 194 
14 0 160 
140 109 127 
213 63 16 
184 77 71 
180 244 196 
251 78 92 
221 127 54 
108 134 103 
35 19 153 
44 215 149 
238 229 149 
142 114 2 
14 71 66 
30 255 143 
101 179 131 
41 174 209 
133 140 80 
188 248 215 
35 27 234 
188 71 193 
82 53 167 
231 196 25 
234 210 96 
44 240 96 
187 85 19 
62 127 194 
15 4 78 
95 192 70 
54 227 97 
32 160 169 
226 242 222 
137 217 162 
162 195 116 
2 239 100 
98 170 186 
118 232 57 
56 247 61 
134 87 254 
204 141 225 
45 174 129 
214 144 115 
181 25 77 
87 187 16 
204 189 0 
48 32 170 
234 150 147 
35 206 138 
97 84 225 
95 32 111 
64 77 29 
194 36 173 
53 217 198 
130 48 129 
147 252 62 
147 45 94 
61 23 244 
208 59 194 
91 156 22 
60 251 54 
171 59 132 
200 253 168 
117 51 129 
59 181 177 
188 72 174 
251 219 219 
89 25 242 
78 233 45 
16 68 201 
39 129 196 
93 44 0 
225 245 253 
137 106 48 
10 166 230 
188 98 46 
106 93 10 
69 183 35 
55 5 12 
101 21 81 
46 60 210 
243 154 254 
243 123 243 
240 5 94 
33 15 4 
7 203 102 
53 53 196 
63 122 123 
98 178 128 
111 23 149 
192 69 210 
146 56 108 
144 43 231 
132 28 236 
226 61 252 
230 68 199 
76 121 253 
16 185 119 
139 27 41 
11 138 64 
161 74 134 
115 220 190 
223 109 234 
198 241 6 
179 211 67 
175 185 135 
118 5 0 
115 22 185 
235 161 213 
20 173 95 
85 78 170 
219 193 134 
153 160 243 
131 102 228 
137 25 183 
204 200 112 
83 63 118 
84 178 140 
13 157 45 
226 178 218 
66 7 40 
236 226 233 
114 123 137 
102 255 240 
74 136 9 
2 85 210 
114 168 17 
232 252 195 
116 10 97 
162 236 19 
124 46 26 
165 26 252 
142 141 119 
24 243 118 
8 61 255 
17 63 84 
227 178 252 
244 154 249 
184 15 3 
25 177 239 
44 45 30 
70 210 56 
66 97 197 
185 121 184 
48 129 246 
47 146 53 
131 118 231 
127 106 130 
120 34 145 
123 59 66 
107 103 111 
137 173 66 
193 239 163 
135 169 28 
63 217 157 
53 8 47 
107 139 165 
82 10 16 
212 131 50 
101 254 110 
167 105 213 
23 242 131 
89 180 114 
252 59 27 
24 122 244 
181 176 252 
228 27 135 
138 109 146 
154 66 21 
204 167 19 
58 79 125 
16 102 111 
147 191 35 
5 187 94 
33 211 217 
21 136 137 
18 108 164 
153 246 17 
43 144 83 
64 93 251 
84 151 74 
209 167 176 
64 58 111 
100 64 42 
194 97 253 
155 118 133 
36 136 241 
200 34 232 
218 77 120 
45 142 213 
40 226 109 
114 179 20 
34 243 79 
145 87 143 
187 26 240 
184 181 102 
61 218 239 
47 162 17 
23 124 94 
143 170 236 
101 210 206 
210 69 129 
230 103 117 
53 249 204 
196 180 230 
180 109 156 
27 170 118 
10 217 24 
27 240 149 
121 128 63 
102 229 17 
52 183 86 
182 157 190 
43 211 183 
247 151 107 
222 76 216 
122 103 131 
240 113 92 
8 140 77 
157 5 205 
220 107 178 
238 160 105 
68 86 6 
2 129 217 
185 120 113 
37 86 189 
253 208 36 
128 192 149 
221 201 33 
42 102 38 
247 67 146 
169 49 50 
18 117 136 
24 120 9 
242 49 129 
99 86 216 
32 84 168 
68 212 105 
217 177 50 
250 219 152 
32 210 219 
178 123 12 
228 141 130 
108 166 250 
117 152 43 
247 251 130 
207 27 214 
119 95 170 
224 56 92 
18 50 55 
171 82 10 
134 5 133 
147 233 19 
21 86 185 
15 203 81 
58 194 76 
188 145 103 
146 9 198 
61 233 254 
153 252 48 
208 167 130 
218 45 135 
96 192 113 
115 213 199 
44 228 146 
125 31 85 
201 219 230 
48 110 239 
246 171 217 
244 68 213 
36 20 124 
166 239 169 
46 79 106 
159 194 63 
102 238 36 
248 107 67 
77 52 30 
52 100 140 
35 90 55 
252 78 123 
209 114 144 
77 24 127 
247 70 206 
97 229 144 
160 75 126 
196 68 233 
7 145 29 
38 197 129 
178 233 219 
234 229 41 
101 183 155 
245 4 179 
116 251 250 
66 92 223 
210 253 43 
80 193 111 
57 201 0 
86 239 198 
215 161 175 
178 139 148 
219 241 75 
118 230 80 
42 91 75 
36 157 168 
3 112 165 
46 192 102 
157 250 47 
158 80 30 
100 40 192 
19 218 75 
167 182 60 
243 44 35 
67 86 126 
142 122 27 
54 126 139 
219 172 76 
66 74 70 
113 232 150 
144 76 190 
80 95 153 
155 6 79 
216 249 123 
251 60 210 
121 203 76 
148 1 202 
32 221 119 
108 31 193 
178 144 169 
72 32 245 
7 112 84 
160 12 90 
239 228 84 
106 223 144 
60 88 91 
137 236 93 
83 12 58 
202 120 89 
139 42 233 
52 115 10 
41 122 122 
125 26 134 
216 9 106 
44 115 73 
188 176 161 
24 57 142 
117 140 154 
175 87 19 
8 226 61 
241 23 176 
251 64 42 
118 190 68 
252 150 77 
103 194 193 
176 126 113 
82 150 170 
224 11 54 
122 186 141 
141 194 112 
203 180 135 
123 175 199 
166 37 133 
234 34 27 
56 137 221 
249 57 92 
106 139 242 
20 107 254 
74 230 184 
216 115 123 
72 62 47 
207 186 222 
150 96 4 
28 74 38 
55 130 175 
21 123 232 
113 229 116 
99 249 223 
97 68 197 
26 28 57 
149 100 119 
196 51 49 
162 201 145 
166 229 220 
204 29 94 
123 50 218 
100 163 191 
216 6 185 
183 104 253 
125 130 25 
182 23 125 
45 219 176 
95 125 121 
240 36 95 
204 240 124 
43 108 174 
5 208 81 
196 168 87 
125 95 191 
122 220 65 
147 146 88 
16 192 51 
192 31 177 
58 15 213 
153 220 197 
21 7 49 
195 12 1 
20 208 169 
107 78 9 
43 200 229 
108 92 120 
197 108 56 
248 45 87 
169 103 102 
126 0 66 
68 21 73 
117 216 85 
119 236 38 
32 87 116 
41 130 60 
15 239 152 
135 180 5 
191 172 50 
22 86 153 
124 212 153 
191 24 174 
8 142 134 
94 5 114 
132 37 201 
248 79 76 
52 94 59 
205 229 239 
210 164 155 
4 186 241 
157 54 198 
54 245 222 
228 254 108 
106 92 113 
220 224 151 
165 216 230 
241 12 68 
44 217 41 
27 171 205 
183 175 135 
168 76 189 
110 130 179 
77 102 177 
185 208 13 
43 172 237 
194 82 197 
168 67 209 
236 112 171 
21 139 86 
226 66 6 
105 235 82 
38 89 213 
217 166 59 
138 96 12 
151 139 184 
132 77 10 
73 245 78 
27 225 190 
198 246 73 
28 216 140 
34 65 119 
117 103 208 
74 65 119 
133 203 215 
145 99 98 
74 231 175 
84 49 164 
162 76 133 
96 18 123 
170 46 83 
54 81 148 
173 198 251 
125 16 60 
244 149 8 
203 39 107 
45 113 82 
220 197 131 
128 104 207 
5 200 225 
128 114 16 
211 168 97 
103 85 39 
99 211 55 
159 199 204 
167 147 243 
18 192 100 
101 157 42 
232 29 146 
184 35 90 
153 163 205 
169 119 117 
10 222 203 
49 65 158 
104 225 101 
53 136 248 
40 155 185 
141 0 86 
183 232 115 
73 160 150 
163 58 58 
112 227 177 
230 238 143 
177 31 209 
79 136 178 
180 189 58 
173 229 213 
102 114 213 
188 41 190 
47 114 94 
198 22 152 
0 134 124 
177 108 106 
64 29 137 
17 108 17 
195 33 206 
254 206 180 
211 52 38 
169 240 80 
103 31 194 
197 229 216 
94 229 95 
218 150 203 
68 215 233 
205 232 85 
223 172 118 
173 170 68 
97 125 120 
136 38 104 
216 141 136 
154 83 109 
115 177 83 
210 139 233 
157 207 192 
134 156 169 
220 123 85 
82 41 255 
151 138 124 
15 18 163 
120 234 48 
0 133 131 
109 248 52 
192 202 191 
170 103 142 
106 238 43 
19 202 166 
104 28 207 
103 179 90 
228 195 108 
135 59 87 
183 59 220 
59 168 212 
111 105 158 
47 19 5 
189 125 243 
232 145 189 
143 249 218 
94 97 141 
184 69 80 
37 204 139 
124 131 198 
88 190 111 
44 46 216 
202 93 235 
207 26 104 
195 3 249 
128 146 243 
90 240 84 
232 169 153 
56 206 101 
196 74 232 
138 162 167 
249 206 213 
209 152 50 
188 103 76 
37 42 79 
30 171 225 
17 5 210 
101 237 123 
254 38 73 
99 234 147 
76 116 53 
243 110 3 
200 63 155 
250 252 2 
70 33 45 
150 63 216 
119 81 221 
73 182 203 
196 181 241 
13 24 219 
160 100 79 
213 87 189 
216 31 253 
115 25 249 
118 96 26 
163 246 89 
123 109 170 
88 183 97 
35 123 22 
20 137 46 
239 41 147 
63 255 234 
252 215 10 
249 75 35 
242 193 131 
12 100 121 
102 223 231 
16 55 158 
113 91 25 
135 111 162 
182 95 204 
73 158 203 
51 154 162 
61 148 237 
97 134 174 
228 147 18 
94 249 241 
69 9 41 
227 123 132 
252 2 243 
159 184 82 
107 1 240 
54 53 139 
216 114 31 
198 211 165 
116 184 56 
135 22 49 
120 91 59 
161 62 182 
37 58 184 
25 217 113 
107 68 114 
92 122 167 
231 83 26 
6 25 237 
171 141 165 
228 20 187 
21 141 22 
80 46 84 
6 84 143 
191 109 104 
48 216 173 
162 52 39 
74 27 122 
100 33 147 
81 205 33 
247 177 53 
178 198 194 
201 23 241 
29 29 69 
172 220 178 
21 12 138 
194 175 191 
233 249 218 
100 93 252 
247 174 201 
24 165 122 
78 88 64 
16 33 87 
1 62 117 
70 235 81 
248 0 94 
131 194 13 
66 171 6 
28 15 99 
24 7 17 
225 31 183 
91 109 15 
156 126 48 
243 127 110 
104 198 89 
186 190 89 
24 65 27 
37 131 199 
43 160 214 
142 184 221 
159 154 253 
86 245 106 
101 145 232 
149 133 104 
4 237 46 
93 167 236 
183 191 46 
210 228 177 
153 15 81 
112 157 10 
77 61 164 
74 147 153 
181 249 43 
157 142 176 
5 146 157 
51 240 69 
32 167 4 
78 121 233 
255 19 248 
81 131 150 
91 208 211 
255 27 102 
152 208 95 
195 109 238 
115 115 128 
17 166 112 
86 198 23 
90 20 145 
67 20 164 
60 101 39 
210 192 247 
165 191 18 
11 87 226 
107 27 80 
89 142 195 
217 159 105 
74 245 48 
97 80 68 
242 147 88 
150 207 189 
189 161 125 
181 70 60 
199 82 148 
170 189 175 
250 22 61 
189 239 221 
38 57 210 
86 155 34 
155 141 182 
243 36 133 
177 225 39 
46 150 109 
107 94 191 
255 8 124 
174 2 146 
235 191 130 
200 229 187 
155 60 86 
189 215 228 
115 202 8 
249 123 233 
32 170 128 
141 21 222 
77 20 230 
201 194 232 
92 173 167 
222 118 140 
153 17 200 
240 206 159 
212 66 106 
220 59 229 
197 91 143 
69 232 164 
35 53 184 
9 255 122 
241 91 40 
152 57 158 
37 210 175 
237 194 125 
141 150 191 
247 114 250 
220 56 85 
108 125 62 
16 161 115 
201 170 114 
67 156 205 
107 52 6 
9 89 217 
184 71 155 
54 212 50 
245 203 164 
240 167 220 
69 19 90 
131 36 251 
247 237 165 
105 48 65 
55 156 118 
61 165 207 
22 94 22 
178 148 234 
228 137 181 
136 121 93 
101 191 112 
191 66 148 
186 57 129 
95 163 178 
161 218 78 
23 23 243 
230 46 81 
253 224 229 
231 196 111 
157 76 232 
250 177 167 
106 112 234 
255 42 35 
128 138 198 
50 43 160 
128 66 184 
116 40 230 
197 37 198 
171 13 138 
26 170 214 
2 164 136 
170 14 248 
148 13 35 
183 142 173 
126 192 216 
30 65 26 
214 181 66 
188 122 104 
130 37 117 
12 63 31 
227 66 195 
107 236 209 
99 128 223 
134 55 109 
51 181 45 
11 212 110 
37 170 35 
104 103 158 
208 233 195 
69 246 3 
100 217 69 
39 68 49 
248 167 177 
215 46 232 
68 97 158 
114 109 114 
224 146 28 
4 250 131 
162 202 109 
101 15 99 
104 115 60 
173 154 128 
222 147 39 
143 106 85 
120 175 183 
22 33 36 
136 1 182 
164 5 177 
40 167 123 
149 13 139 
248 117 254 
52 35 153 
180 1 44 
219 145 150 
49 9 69 
232 31 102 
12 167 104 
194 75 109 
115 115 21 
239 8 34 
122 0 151 
120 52 186 
17 232 188 
61 196 77 
212 245 86 
25 221 117 
128 233 28 
232 171 103 
85 31 219 
106 14 227 
140 136 228 
36 0 24 
222 18 1 
154 79 197 
231 35 186 
61 61 151 
178 189 128 
206 165 43 
54 250 74 
17 101 88 
244 241 224 
216 21 225 
241 244 243 
242 142 66 
183 118 102 
113 179 163 
8 102 96 
136 52 5 
179 106 255 
254 123 100 
86 112 86 
55 72 107 
24 57 95 
11 43 238 
77 226 100 
179 83 23 
86 91 125 
182 227 178 
187 151 28 
187 149 152 
31 235 8 
117 34 80 
225 58 138 
64 69 181 
46 147 152 
146 70 235 
170 157 71 
39 83 42 
217 15 193 
246 202 86 
142 233 66 
150 95 100 
230 64 159 
112 128 228 
38 175 119 
190 65 190 
169 235 91 
240 19 174 
27 236 189 
220 226 135 
51 112 113 
117 6 208 
217 237 16 
120 93 144 
93 131 63 
212 65 129 
146 235 108 
237 219 127 
156 246 108 
89 211 78 
225 6 191 
82 123 197 
34 84 178 
50 205 16 
194 42 147 
2 254 213 
131 145 192 
239 126 155 
111 26 146 
219 116 101 
41 85 107 
232 167 230 
174 201 58 
96 251 7 
112 189 49 
4 191 48 
217 66 193 
153 50 63 
52 161 90 
198 124 206 
43 165 35 
150 142 202 
124 60 147 
183 156 142 
190 13 75 
240 17 11 
32 234 77 
225 131 127 
32 183 32 
122 126 156 
72 169 66 
107 64 208 
53 188 12 
200 115 168 
86 50 181 
162 34 198 
173 66 176 
250 35 51 
122 67 235 
154 190 105 
55 6 18 
121 114 82 
73 167 15 
85 112 130 
253 198 180 
179 104 214 
121 21 24 
42 16 59 
93 138 127 
72 36 61 
177 91 67 
196 212 181 
22 29 93 
37 114 205 
168 112 147 
92 35 252 
51 156 17 
75 198 33 
135 36 171 
6 108 208 
67 30 43 
134 226 0 
60 248 29 
153 30 144 
102 198 0 
249 34 35 
245 85 191 
7 161 134 
40 40 170 
212 46 22 
164 113 52 
207 247 22 
207 51 15 
237 204 45 
125 50 243 
125 44 21 
160 33 107 
95 40 12 
229 81 52 
143 37 98 
166 201 211 
218 152 202 
241 104 254 
0 85 202 
45 210 253 
32 79 41 
53 239 74 
160 78 115 
172 52 196 
224 195 233 
66 105 178 
21 68 74 
224 53 178 
222 53 7 
168 98 217 
165 130 40 
206 183 23 
25 88 102 
140 4 154 
80 229 93 
57 39 199 
235 61 11 
53 29 64 
232 251 117 
239 163 215 
201 73 89 
241 23 16 
9 48 104 
111 188 109 
9 12 82 
102 69 121 
45 48 182 
56 102 211 
120 78 206 
237 61 114 
196 6 187 
29 248 210 
46 1 3 
150 112 191 
3 121 204 
85 223 17 
207 13 66 
133 69 168 
89 190 246 
39 171 51 
153 112 58 
84 141 50 
39 187 51 
42 82 163 
233 85 28 
181 171 251 
199 122 8 
9 255 78 
177 88 12 
167 128 183 
218 25 39 
20 110 181 
70 149 112 
121 191 194 
28 168 24 
56 94 195 
52 37 61 
60 46 60 
138 223 149 
150 134 21 
78 96 46 
117 117 156 
42 187 49 
155 53 240 
93 81 153 
117 138 247 
56 190 28 
117 250 74 
178 133 41 
71 27 175 
92 105 15 
138 223 132 
39 9 64 
88 164 117 
73 2 198 
226 119 80 
217 176 14 
245 37 9 
63 215 142 
104 30 169 
23 122 19 
38 5 242 
171 44 251 
235 132 160 
96 205 162 
38 175 25 
119 136 201 
133 125 239 
142 188 198 
28 36 229 
198 59 95 
217 98 100 
203 13 144 
198 248 21 
102 88 226 
8 126 146 
34 245 26 
235 123 152 
218 9 84 
161 38 121 
134 236 180 
229 197 22 
74 144 35 
218 86 27 
239 189 115 
210 197 242 
100 231 231 
126 211 98 
22 173 108 
107 78 146 
228 212 126 
152 186 67 
175 4 211 
210 222 41 
238 206 230 
97 160 172 
83 4 147 
59 130 102 
157 153 20 
9 4 98 
155 232 55 
25 128 241 
92 47 245 
47 2 211 
89 240 161 
63 81 65 
235 165 69 
127 224 200 
229 125 97 
249 135 101 
92 34 77 
147 60 205 
132 152 253 
121 200 255 
76 33 239 
238 96 64 
47 76 229 
117 203 197 
61 176 67 
158 170 202 
3 6 236 
80 153 40 
29 29 193 
26 150 137 
25 226 170 
8 208 10 
73 0 86 
46 117 33 
244 178 210 
55 80 124 
1 83 130 
237 163 27 
22 192 56 
215 219 206 
96 244 176 
10 253 129 
20 70 129 
107 116 246 
140 104 168 
94 159 248 
218 160 75 
92 142 238 
119 164 174 
175 123 137 
125 219 126 
46 229 123 
175 249 193 
48 100 53 
38 241 158 
206 79 61 
198 42 222 
17 134 108 
255 254 16 
173 173 139 
55 43 102 
181 89 75 
48 8 68 
241 56 169 
38 94 154 
196 44 233 
2 242 19 
224 3 154 
76 2 152 
92 175 69 
231 230 112 
77 155 201 
152 203 209 
220 188 9 
133 227 103 
31 167 147 
9 169 133 
28 137 136 
182 213 138 
78 49 58 
148 24 32 
4 101 188 
206 253 135 
159 218 68 
169 95 39 
16 127 206 
164 136 120 
41 164 1 
178 91 215 
60 169 8 
118 61 33 
151 66 134 
83 16 132 
218 175 94 
30 88 189 
69 105 60 
20 13 196 
140 54 105 
141 232 196 
100 37 109 
109 155 171 
142 50 237 
20 133 253 
152 96 172 
246 126 5 
180 196 110 
240 216 123 
181 100 177 
30 241 154 
226 86 191 
79 195 90 
250 81 141 
231 101 18 
228 254 114 
145 244 241 
150 168 181 
4 153 141 
127 78 241 
48 108 226 
202 78 56 
137 157 251 
228 152 76 
113 127 178 
131 100 176 
246 245 164 
231 139 77 
156 143 230 
41 14 52 
26 62 160 
252 9 238 
53 146 139 
48 118 35 
125 231 163 
47 107 7 
223 97 252 
131 72 135 
208 228 22 
182 13 36 
234 39 98 
138 35 107 
120 88 254 
4 137 116 
39 6 92 
202 53 199 
209 20 40 
205 151 112 
84 104 84 
106 30 97 
142 9 136 
241 147 171 
92 12 4 
90 16 141 
207 55 147 
43 2 200 
242 211 220 
26 161 115 
138 245 219 
222 96 250 
63 238 3 
199 223 150 
114 60 162 
118 150 178 
3 101 234 
150 144 236 
94 130 191 
58 156 96 
174 38 86 
137 4 182 
131 67 164 
134 10 132 
29 125 192 
191 243 86 
114 247 188 
92 141 76 
72 236 207 
7 38 107 
104 212 146 
190 94 150 
116 225 218 
24 104 228 
156 133 97 
92 68 85 
179 182 76 
111 18 217 
187 90 197 
138 98 236 
246 202 192 
136 136 30 
30 252 0 
248 20 104 
221 177 237 
62 13 49 
147 192 232 
223 47 250 
185 235 85 
126 117 183 
106 107 129 
43 243 9 
73 18 5 
73 10 25 
177 231 202 
158 38 216 
208 185 152 
184 153 200 
178 82 179 
7 208 40 
190 59 148 
63 102 135 
72 175 153 
77 249 164 
103 170 139 
49 73 177 
9 25 107 
162 209 4 
106 131 86 
29 139 38 
69 73 97 
217 137 199 
97 209 119 
250 31 112 
158 134 26 
42 183 99 
219 193 124 
70 99 77 
74 205 209 
160 234 92 
199 47 165 
40 9 46 
240 106 0 
103 100 31 
215 3 165 
241 45 92 
85 8 29 
209 79 128 
31 153 77 
240 58 55 
76 1 103 
241 41 112 
32 25 218 
32 128 62 
63 87 65 
228 73 110 
64 158 119 
94 111 198 
222 142 95 
44 126 153 
99 202 154 
202 188 196 
58 220 221 
20 252 94 
83 59 181 
148 31 254 
3 95 156 
122 189 12 
64 156 154 
159 200 25 
57 43 227 
211 246 159 
151 48 123 
117 69 119 
211 152 178 
136 44 209 
135 47 49 
35 169 238 
47 233 138 
202 137 82 
227 194 126 
198 149 116 
102 45 164 
225 162 233 
89 117 129 
11 253 174 
221 132 221 
14 168 135 
252 215 112 
135 161 249 
217 132 187 
87 75 81 
203 177 126 
112 146 32 
89 235 149 
219 247 146 
137 212 23 
102 226 191 
237 222 150 
94 101 56 
87 63 188 
19 150 7 
100 98 184 
226 210 75 
2 43 54 
151 6 45 
41 143 1 
64 246 227 
255 227 194 
150 65 39 
206 153 102 
138 172 253 
146 16 95 
74 242 49 
149 244 92 
204 139 99 
249 180 242 
251 245 232 
222 244 204 
160 138 13 
200 88 166 
46 227 82 
43 117 98 
138 191 84 
187 85 72 
24 33 211 
123 26 136 
109 21 125 
86 244 113 
34 148 252 
47 92 84 
214 139 55 
40 182 172 
139 65 108 
223 252 193 
40 20 226 
251 143 252 
131 253 18 
0 83 6 
114 117 154 
110 164 247 
194 122 130 
250 163 56 
166 46 121 
18 13 118 
211 53 138 
181 49 26 
178 180 23 
196 181 106 
202 39 223 
100 149 131 
91 87 254 
221 81 161 
22 248 207 
143 10 220 
5 222 18 
144 147 67 
170 69 247 
193 9 172 
43 211 211 
10 56 104 
141 147 192 
139 113 17 
44 135 9 
251 22 20 
216 28 242 
234 172 133 
45 86 203 
36 23 212 
209 66 168 
164 76 224 
13 217 115 
205 101 228 
222 145 107 
232 141 130 
252 101 158 
238 79 74 
115 124 160 
62 160 183 
19 113 249 
187 22 69 
155 35 30 
14 240 131 
243 206 21 
94 182 162 
224 178 7 
126 160 86 
200 20 210 
104 82 114 
31 101 228 
24 32 250 
93 187 29 
124 202 13 
255 189 219 
20 27 146 
182 252 68 
189 122 229 
19 67 249 
229 171 75 
88 203 177 
60 227 209 
54 65 141 
83 189 87 
96 188 20 
59 209 47 
205 135 43 
18 69 166 
247 88 233 
240 62 148 
59 150 95 
236 210 67 
190 8 132 
75 91 65 
162 187 253 
182 246 206 
229 196 86 
17 214 155 
183 205 243 
160 189 49 
52 248 199 
148 229 153 
215 163 161 
91 238 252 
156 144 183 
153 70 174 
104 43 114 
190 60 72 
89 243 21 
76 147 210 
126 200 202 
69 92 175 
223 51 82 
128 142 64 
125 42 208 
52 195 22 
226 43 66 
84 233 126 
156 66 114 
177 143 5 
131 13 205 
78 82 41 
253 49 92 
80 178 234 
144 47 20 
97 99 216 
119 70 3 
185 154 237 
56 55 47 
170 232 190 
175 108 203 
125 186 30 
166 183 79 
3 7 1 
237 152 48 
2 249 148 
218 112 218 
221 42 116 
202 98 171 
250 12 148 
184 187 0 
132 56 186 
162 223 113 
241 226 121 
243 207 17 
35 209 10 
183 171 122 
145 137 164 
6 83 6 
177 77 18 
69 6 206 
69 138 6 
255 44 229 
113 29 199 
234 16 151 
251 52 104 
5 235 20 
127 125 157 
36 131 240 
42 52 62 
61 122 68 
11 191 206 
17 191 250 
247 48 23 
190 26 40 
85 21 92 
190 26 71 
210 153 196 
111 189 71 
95 232 124 
157 37 246 
225 48 181 
175 65 116 
169 56 164 
193 247 190 
233 76 211 
69 10 237 
140 220 135 
81 75 68 
152 171 44 
20 72 81 
10 42 129 
192 217 195 
52 131 251 
217 68 242 
151 45 63 
107 114 73 
88 254 38 
223 79 113 
36 232 28 
80 252 101 
162 7 143 
35 199 104 
230 251 235 
226 212 47 
212 108 92 
19 215 206 
93 47 205 
131 15 28 
244 51 4 
17 131 1 
118 37 8 
5 73 207 
109 47 202 
89 17 159 
136 230 11 
229 249 226 
179 86 17 
128 217 32 
157 206 83 
161 223 215 
162 85 252 
170 90 69 
121 199 117 
68 32 134 
227 169 108 
238 142 102 
208 65 188 
225 194 150 
2 95 100 
85 0 67 
44 163 152 
41 77 242 
110 199 185 
227 11 218 
106 238 131 
214 220 17 
60 172 82 
249 141 20 
143 143 115 
243 229 116 
54 17 23 
206 58 100 
192 169 43 
121 140 54 
83 246 36 
214 205 0 
231 9 172 
58 2 58 
78 145 201 
194 132 174 
54 186 192 
77 136 250 
177 72 163 
221 194 48 
19 21 38 
56 236 243 
56 211 253 
229 13 255 
31 92 145 
232 30 21 
151 84 208 
87 161 88 
81 82 161 
245 47 99 
37 67 120 
75 123 100 
63 179 56 
60 152 69 
59 183 161 
204 160 191 
226 55 19 
178 142 180 
10 223 7 
171 212 54 
14 249 121 
135 69 244 
235 132 168 
35 192 64 
105 251 248 
10 200 152 
202 170 207 
221 92 93 
146 102 60 
153 18 17 
207 32 10 
73 167 79 
61 147 211 
229 182 147 
38 31 143 
30 42 87 
182 244 1 
133 209 93 
226 99 195 
30 252 213 
47 204 246 
58 21 157 
137 82 48 
93 56 231 
240 94 6 
127 124 48 
214 50 36 
215 183 246 
52 153 89 
248 183 86 
205 231 34 
195 33 55 
97 170 137 
145 7 193 
120 248 31 
127 119 155 
175 78 205 
212 37 132 
202 90 29 
35 82 213 
121 31 188 
155 227 221 
210 68 135 
92 213 143 
29 78 135 
61 205 254 
216 124 76 
166 80 114 
42 26 204 
72 62 30 
29 183 61 
217 83 32 
182 37 100 
61 129 58 
204 159 136 
83 220 85 
82 180 209 
158 90 34 
16 133 60 
220 205 122 
250 234 50 
56 195 133 
88 121 170 
189 182 44 
247 131 203 
127 214 167 
212 40 91 
165 199 182 
199 215 59 
4 180 8 
126 174 242 
176 230 181 
53 63 46 
224 252 228 
12 243 103 
215 114 62 
126 70 102 
217 235 45 
143 179 5 
202 183 185 
210 53 103 
196 230 78 
121 27 141 
167 251 137 
140 7 124 
243 222 238 
49 92 52 
152 54 31 
197 197 210 
202 144 137 
131 98 191 
235 39 165 
57 160 192 
198 72 188 
79 212 195 
203 199 162 
185 249 254 
237 145 52 
12 86 250 
223 33 138 
104 164 236 
39 143 19 
204 200 180 
141 142 252 
73 221 208 
12 168 151 
174 97 144 
173 78 33 
225 91 120 
219 58 153 
101 162 61 
82 202 205 
101 150 149 
25 35 36 
21 108 1 
229 121 170 
125 39 11 
13 212 90 
47 182 181 
167 145 239 
64 247 145 
125 73 91 
74 174 242 
224 200 21 
4 221 130 
5 195 251 
175 64 34 
187 77 247 
21 124 173 
202 35 62 
185 99 53 
74 225 126 
166 43 45 
152 11 245 
173 15 210 
47 21 149 
42 196 213 
77 127 35 
68 148 159 
241 94 195 
47 23 38 
101 98 7 
227 8 51 
16 160 62 
5 77 78 
216 125 99 
109 167 39 
67 244 167 
102 56 59 
5 41 154 
200 89 177 
239 190 19 
246 161 27 
41 178 187 
104 183 9 
182 143 134 
25 253 45 
64 64 34 
231 166 90 
35 171 132 
189 116 221 
110 99 155 
130 89 60 
157 131 238 
89 235 166 
98 161 53 
232 186 50 
21 250 114 
55 226 24 
146 5 196 
22 194 56 
243 48 155 
142 178 244 
202 80 119 
185 169 98 
95 11 3 
148 243 189 
199 8 184 
57 64 154 
82 210 159 
22 232 97 
78 219 145 
233 105 68 
221 51 148 
85 236 61 
183 75 72 
187 224 59 
120 167 67 
48 224 131 
202 50 85 
105 72 61 
202 150 24 
92 127 129 
160 93 181 
52 178 161 
113 105 237 
185 36 205 
244 157 116 
55 205 84 
187 152 135 
16 1 207 
78 204 102 
102 40 229 
232 200 66 
157 252 244 
62 109 94 
43 38 130 
248 26 31 
108 81 237 
193 12 133 
72 29 134 
23 107 82 
125 209 122 
99 185 66 
165 86 62 
154 149 171 
248 192 209 
122 185 235 
154 37 61 
135 230 73 
12 46 102 
146 70 209 
229 195 163 
95 38 92 
162 204 179 
224 102 72 
140 94 8 
93 216 193 
73 114 231 
134 249 205 
207 5 252 
54 152 66 
7 125 5 
170 220 44 
7 126 248 
186 95 94 
2 235 188 
10 72 148 
204 145 7 
179 23 0 
128 231 6 
124 29 158 
190 36 27 
196 207 247 
240 214 118 
232 144 213 
70 146 192 
2 156 8 
150 104 154 
157 27 177 
158 156 152 
164 24 181 
66 215 218 
93 155 169 
84 139 127 
202 115 15 
159 185 161 
95 187 61 
104 81 166 
2 239 193 
179 141 93 
76 49 118 
1 115 77 
219 208 232 
132 36 115 
3 239 230 
18 142 159 
179 238 90 
241 86 171 
151 88 154 
88 11 39 
182 87 88 
44 89 203 
121 52 155 
97 185 192 
212 188 175 
186 207 61 
89 130 43 
179 115 129 
94 10 217 
249 99 229 
32 25 60 
121 69 149 
68 190 202 
224 31 131 
160 243 63 
79 173 14 
140 6 145 
184 185 4 
57 23 15 
19 16 114 
248 49 139 
52 170 208 
202 238 142 
148 206 173 
23 110 160 
86 189 77 
101 74 83 
246 2 12 
250 59 35 
9 78 52 
123 70 101 
6 123 15 
214 69 253 
100 217 204 
17 240 58 
177 70 248 
254 171 66 
81 161 68 
93 156 127 
129 165 206 
181 33 20 
26 39 143 
41 254 212 
38 98 173 
242 116 157 
45 37 228 
37 36 143 
103 117 49 
171 211 205 
42 84 114 
248 9 147 
13 35 187 
156 76 185 
113 114 27 
30 101 143 
188 146 181 
160 183 217 
47 30 78 
96 201 33 
45 243 117 
160 236 126 
51 249 161 
238 149 237 
167 6 96 
195 37 197 
82 225 87 
7 129 14 
224 176 44 
47 17 245 
80 62 232 
198 222 212 
68 18 205 
230 0 99 
211 168 105 
51 107 142 
248 189 111 
79 197 240 
93 165 161 
137 212 178 
126 37 240 
103 235 207 
59 47 225 
9 21 225 
108 233 137 
213 28 244 
100 21 178 
211 100 119 
196 194 28 
101 75 241 
23 202 22 
7 49 1 
214 108 48 
183 117 70 
153 225 47 
34 183 75 
23 27 96 
201 238 197 
64 178 135 
92 23 210 
77 46 156 
99 54 205 
100 12 58 
149 196 175 
219 93 145 
10 127 72 
85 150 99 
182 95 81 
123 159 4 
2 252 27 
212 73 74 
113 173 128 
62 17 140 
120 166 80 
40 129 173 
185 139 45 
1 225 195 
100 151 35 
181 18 194 
185 20 190 
213 232 8 
31 89 181 
159 152 198 
43 16 109 
124 56 238 
41 241 122 
86 242 91 
26 86 242 
61 12 4 
255 197 24 
190 154 0 
198 185 90 
123 88 242 
65 132 2 
174 0 59 
157 41 44 
23 128 31 
114 154 117 
100 215 129 
104 214 71 
128 148 225 
128 90 155 
218 213 243 
204 23 119 
207 197 119 
10 98 161 
54 121 33 
85 235 187 
203 79 146 
76 183 104 
147 55 253 
117 184 87 
16 146 45 
3 95 68 
123 46 9 
242 56 108 
147 110 229 
180 196 209 
111 143 32 
1 219 216 
106 111 15 
103 228 199 
190 244 90 
235 247 185 
47 114 231 
57 101 31 
165 248 141 
138 173 81 
91 28 224 
124 30 188 
84 136 43 
99 239 15 
43 173 3 
133 153 250 
62 200 109 
37 1 210 
68 166 202 
209 49 119 
35 140 148 
3 8 178 
191 92 58 
234 192 41 
249 235 214 
252 112 111 
247 174 56 
100 211 57 
54 23 224 
0 232 17 
120 11 157 
12 15 166 
190 206 2 
248 185 194 
33 178 173 
247 175 29 
103 166 203 
159 10 158 
216 64 181 
184 64 158 
201 184 169 
103 196 184 
13 130 135 
15 122 64 
210 155 242 
127 147 161 
157 250 71 
104 153 81 
7 113 145 
188 42 210 
90 243 138 
4 90 79 
188 103 209 
67 119 76 
131 73 231 
118 200 122 
23 101 116 
95 206 13 
176 213 127 
66 145 169 
20 236 156 
158 240 247 
237 172 94 
191 240 213 
11 115 30 
242 233 231 
109 1 76 
225 96 26 
239 16 239 
110 82 129 
23 102 109 
179 5 93 
170 242 9 
9 177 249 
222 188 109 
253 175 86 
228 28 87 
48 253 183 
75 236 200 
58 90 26 
187 113 129 
40 37 134 
133 207 120 
143 216 42 
136 183 230 
245 180 149 
76 152 177 
163 200 175 
91 19 155 
35 78 246 
61 9 103 
190 50 140 
68 183 92 
189 70 52 
231 207 235 
205 196 159 
99 16 55 
20 180 0 
195 15 19 
95 50 97 
85 111 107 
188 46 157 
73 114 84 
165 47 155 
217 22 106 
197 228 46 
100 71 63 
156 91 243 
156 31 2 
175 126 52 
17 211 163 
124 143 209 
25 216 68 
109 125 115 
8 87 138 
114 28 110 
161 128 181 
224 28 16 
211 184 47 
213 104 173 
9 121 128 
172 245 16 
126 14 232 
194 123 102 
53 132 189 
191 246 217 
45 151 89 
226 119 118 
243 74 46 
34 31 150 
208 40 15 
80 213 4 
96 83 18 
73 21 142 
175 74 18 
108 10 8 
69 55 160 
158 26 23 
20 13 98 
67 47 129 
217 255 170 
233 80 127 
237 176 210 
0 249 231 
142 168 49 
160 20 59 
168 89 115 
72 248 141 
96 12 154 
194 79 201 
67 41 201 
237 18 25 
108 255 201 
62 255 195 
37 141 107 
87 45 128 
146 214 217 
5 30 209 
146 126 222 
44 64 45 
246 132 86 
191 113 104 
216 222 104 
161 28 103 
100 66 245 
208 153 34 
80 43 248 
41 49 23 
251 195 149 
217 240 214 
6 230 90 
93 165 203 
197 125 169 
45 30 198 
149 131 8 
138 83 161 
172 163 204 
165 204 253 
188 199 193 
81 160 177 
39 167 151 
129 4 60 
77 201 185 
246 247 215 
188 140 90 
196 22 173 
101 194 80 
50 103 29 
47 35 228 
240 117 133 
161 156 44 
56 30 48 
116 107 249 
45 97 240 
5 30 124 
95 226 146 
13 72 85 
93 122 188 
122 169 224 
95 154 85 
228 59 241 
16 116 15 
64 232 122 
57 22 220 
42 27 250 
166 122 220 
57 135 36 
142 229 158 
74 95 72 
42 190 226 
127 162 29 
113 178 145 
128 242 122 
251 44 144 
215 86 171 
209 252 37 
173 53 173 
210 195 146 
112 14 241 
184 56 176 
154 184 82 
184 41 5 
73 169 247 
195 164 35 
83 123 121 
254 76 118 
36 250 171 
209 204 111 
99 60 125 
84 245 181 
4 143 109 
87 71 150 
92 145 64 
83 84 228 
119 168 96 
240 166 172 
102 202 166 
18 155 114 
129 254 175 
254 83 164 
179 87 51 
33 174 123 
183 10 12 
247 94 96 
220 213 8 
60 197 175 
232 44 121 
143 62 21 
1 191 19 
176 189 102 
84 112 190 
136 145 108 
3 73 119 
15 64 213 
111 28 170 
120 88 111 
39 65 155 
160 208 217 
181 209 152 
201 130 85 
47 214 198 
237 94 87 
90 97 160 
209 112 225 
166 224 253 
80 88 86 
191 127 151 
91 31 103 
52 213 56 
205 158 186 
34 205 145 
232 187 239 
64 21 81 
224 230 193 
193 140 161 
191 220 249 
21 155 120 
172 246 152 
19 43 109 
75 248 11 
6 26 216 
151 3 147 
134 67 168 
215 35 142 
153 229 26 
58 164 246 
52 185 146 
172 101 136 
68 120 179 
177 195 171 
188 201 198 
149 96 201 
40 231 12 
209 190 47 
95 87 20 
122 146 184 
112 198 113 
2 114 214 
139 183 78 
62 104 18 
234 37 219 
176 186 60 
121 226 35 
133 179 225 
180 19 57 
201 141 203 
129 253 145 
243 0 3 
201 139 186 
24 201 35 
42 179 72 
5 99 2 
65 220 228 
100 97 152 
70 22 171 
127 223 56 
74 96 53 
219 83 53 
222 29 192 
153 53 138 
188 95 61 
4 100 161 
6 166 125 
234 10 223 
130 80 245 
45 207 212 
101 25 52 
155 244 136 
208 211 165 
145 108 218 
27 40 57 
88 44 157 
249 50 67 
119 28 78 
86 159 158 
75 204 110 
31 50 135 
83 205 124 
219 157 79 
128 46 187 
90 73 227 
147 162 15 
49 155 65 
116 18 93 
194 104 252 
97 179 201 
207 210 251 
86 38 200 
210 1 101 
33 130 148 
220 220 221 
191 112 127 
206 161 27 
15 21 45 
109 216 150 
105 57 73 
50 8 28 
45 94 66 
245 49 67 
91 82 197 
239 47 162 
204 238 18 
76 189 179 
103 204 200 
148 57 160 
42 163 217 
116 213 225 
144 3 64 
210 248 113 
21 83 195 
219 66 242 
125 15 225 
143 91 158 
66 194 106 
10 86 164 
171 129 71 
132 245 28 
102 133 31 
166 87 24 
23 108 107 
218 71 174 
205 196 189 
174 83 24 
76 149 218 
182 160 48 
90 75 177 
161 207 166 
190 53 43 
221 219 130 
245 242 239 
97 205 54 
15 154 251 
204 72 78 
228 148 228 
190 74 132 
238 165 207 
160 70 158 
70 4 212 
114 226 175 
244 215 162 
227 56 111 
26 71 9 
21 19 81 
99 247 229 
71 181 47 
203 164 212 
154 68 27 
57 138 31 
13 252 1 
188 241 217 
94 212 17 
205 238 89 
214 3 108 
39 103 100 
12 174 25 
60 122 189 
16 20 1 
43 77 140 
75 90 136 
76 23 121 
37 117 78 
55 67 60 
144 25 64 
252 65 167 
96 77 85 
122 137 207 
55 154 228 
57 197 49 
197 16 140 
77 93 163 
199 130 24 
21 185 91 
81 73 117 
145 70 182 
56 166 3 
142 32 141 
93 88 39 
65 145 236 
115 86 253 
255 163 90 
162 106 220 
186 127 150 
22 209 223 
139 98 37 
65 155 204 
68 41 236 
209 134 68 
248 200 213 
229 59 43 
226 58 207 
60 220 57 
24 150 185 
174 172 138 
142 55 236 
179 120 135 
127 189 176 
108 142 55 
176 135 255 
134 108 58 
177 78 116 
128 138 80 
186 162 230 
115 81 147 
253 223 202 
233 146 67 
113 18 0 
33 126 142 
88 46 21 
87 180 129 
145 102 207 
5 230 89 
85 160 252 
60 19 77 
207 16 44 
153 250 190 
220 107 208 
220 140 78 
107 229 125 
128 60 49 
2 206 151 
209 211 126 
43 41 30 
39 101 50 
116 52 66 
160 205 60 
94 170 167 
47 134 52 
125 241 25 
250 114 85 
44 116 35 
195 69 247 
65 112 32 
96 151 133 
146 11 185 
212 171 134 
17 10 48 
184 57 183 
236 182 168 
5 177 26 
91 221 142 
126 160 212 
117 226 68 
149 66 220 
26 212 231 
211 168 147 
90 185 157 
138 114 214 
65 94 140 
234 100 61 
4 191 26 
147 61 187 
103 179 157 
171 72 223 
135 99 179 
111 54 91 
2 144 21 
159 27 135 
117 92 229 
1 70 73 
63 75 8 
89 222 70 
20 69 249 
177 240 65 
144 120 164 
67 231 219 
159 233 107 
180 136 134 
59 253 227 
32 254 41 
106 61 116 
114 151 82 
184 171 151 
177 93 136 
243 237 0 
151 49 231 
114 208 208 
222 132 88 
100 191 85 
71 223 83 
113 73 145 
229 188 40 
56 116 211 
207 38 48 
87 25 30 
87 176 79 
62 35 31 
14 1 163 
102 101 98 
187 173 65 
15 30 139 
160 3 71 
200 59 187 
155 11 225 
204 98 250 
234 186 171 
57 248 206 
88 7 207 
251 109 52 
93 41 225 
158 56 255 
41 216 3 
112 160 62 
44 59 73 
13 7 172 
8 241 102 
179 42 94 
129 130 101 
80 125 211 
132 218 252 
102 121 52 
101 162 12 
104 19 172 
167 63 231 
240 76 239 
156 84 224 
2 7 11 
97 136 141 
198 216 11 
153 93 229 
149 195 94 
201 40 1 
213 145 20 
129 56 83 
105 40 159 
88 197 244 
56 199 251 
67 40 132 
209 239 92 
220 136 185 
193 30 124 
32 231 165 
33 189 54 
53 62 110 
136 167 150 
39 255 91 
27 56 35 
23 123 75 
155 76 58 
247 40 195 
177 234 225 
45 10 200 
210 43 133 
8 96 196 
118 232 107 
13 15 107 
104 43 163 
139 66 30 
215 221 107 
17 212 147 
212 133 125 
181 179 135 
126 133 178 
3 142 18 
199 4 250 
51 17 10 
158 122 53 
65 5 119 
95 220 84 
202 238 40 
94 194 174 
219 120 97 
99 246 230 
21 249 116 
40 193 121 
34 244 138 
44 146 4 
97 211 10 
216 50 230 
44 253 212 
85 91 151 
3 54 15 
100 153 5 
74 175 254 
191 215 191 
56 249 179 
194 38 69 
199 135 24 
209 96 75 
183 140 72 
140 225 163 
35 228 217 
50 72 115 
55 147 34 
53 82 249 
245 138 242 
168 76 24 
238 19 160 
6 228 0 
81 156 140 
153 40 110 
60 75 82 
22 125 155 
137 180 46 
171 233 128 
164 222 10 
150 135 86 
175 117 106 
79 123 78 
79 205 234 
219 102 18 
73 163 93 
156 185 218 
55 66 142 
101 237 120 
229 145 86 
239 39 221 
69 214 82 
175 37 206 
254 116 155 
232 80 1 
251 153 164 
88 53 93 
51 108 159 
193 209 140 
57 182 29 
144 165 69 
109 235 27 
192 154 65 
142 152 181 
41 129 5 
42 124 159 
207 212 212 
44 7 65 
204 201 18 
88 2 201 
118 146 110 
187 0 89 
214 192 244 
23 78 140 
205 119 13 
210 161 137 
113 112 94 
70 157 101 
135 105 46 
153 193 49 
98 55 195 
209 242 195 
42 201 131 
30 224 209 
171 173 72 
184 128 234 
66 241 90 
160 55 247 
5 190 96 
52 88 34 
101 186 89 
40 139 76 
236 182 21 
111 212 245 
65 127 163 
137 56 35 
115 122 20 
206 26 76 
197 31 10 
38 83 98 
72 184 29 
161 225 168 
237 205 94 
2 60 51 
248 125 178 
155 7 234 
190 122 100 
210 72 126 
30 14 158 
41 52 241 
139 124 170 
168 29 139 
81 11 88 
175 13 148 
226 5 18 
149 160 25 
127 94 147 
228 49 220 
98 79 234 
0 120 30 
242 4 154 
156 172 183 
39 253 194 
127 173 208 
19 143 213 
37 36 118 
62 164 212 
210 136 5 
174 234 85 
152 235 205 
182 221 209 
80 121 126 
7 160 123 
202 31 40 
154 50 184 
111 88 220 
229 150 128 
186 104 8 
191 22 243 
20 174 222 
226 100 187 
179 180 52 
49 188 212 
173 134 243 
213 32 37 
141 143 125 
106 117 20 
234 47 124 
243 238 147 
230 3 65 
196 229 166 
127 152 90 
179 202 22 
135 119 156 
122 76 188 
159 218 76 
29 68 193 
49 46 240 
173 33 222 
64 7 225 
130 203 198 
40 74 95 
130 253 41 
153 132 160 
53 254 236 
242 158 198 
62 187 10 
255 236 57 
239 153 90 
205 218 98 
175 92 45 
117 132 120 
212 6 117 
253 159 250 
157 213 248 
138 199 150 
80 5 81 
91 4 61 
148 243 215 
238 192 177 
80 111 13 
126 229 145 
246 185 151 
107 183 55 
101 84 12 
94 222 211 
244 47 216 
70 138 220 
131 30 207 
90 12 143 
11 93 255 
24 219 228 
169 209 157 
65 60 84 
120 162 169 
132 0 135 
87 244 182 
47 58 64 
11 190 94 
218 24 107 
105 36 200 
104 60 163 
76 230 116 
234 39 176 
62 159 82 
231 35 82 
111 122 71 
37 169 129 
102 180 63 
196 142 88 
47 247 124 
247 96 184 
154 172 158 
14 150 197 
191 213 100 
17 188 135 
100 43 1 
171 81 170 
44 183 94 
108 123 236 
196 171 228 
64 162 68 
248 61 240 
151 75 135 
92 10 92 
193 28 24 
72 128 68 
74 43 149 
244 87 76 
83 195 199 
63 135 114 
35 199 21 
103 192 82 
88 87 157 
223 179 168 
59 116 196 
83 189 68 
151 7 111 
44 251 198 
120 78 138 
64 142 17 
178 177 217 
199 25 153 
25 113 240 
183 80 163 
95 139 24 
35 222 213 
103 118 220 
214 162 215 
156 27 38 
38 91 180 
56 13 101 
17 213 126 
170 238 239 
154 165 63 
61 4 202 
85 39 169 
42 142 31 
6 100 193 
222 1 220 
4 39 55 
184 95 69 
29 112 26 
156 26 8 
139 180 174 
203 242 178 
149 71 218 
62 114 104 
93 120 205 
31 86 206 
251 90 245 
51 18 85 
120 48 197 
146 204 224 
154 87 148 
72 34 134 
251 184 206 
213 246 64 
61 84 184 
10 115 15 
216 110 105 
206 161 124 
35 25 172 
232 171 120 
200 70 207 
93 142 242 
227 137 170 
177 94 160 
241 156 244 
170 166 103 
185 127 214 
34 77 119 
158 112 145 
74 88 60 
194 33 130 
146 126 17 
132 97 154 
46 19 249 
206 4 149 
195 174 59 
42 103 186 
0 138 7 
120 40 119 
9 115 208 
69 53 241 
200 199 111 
217 75 208 
115 121 227 
108 72 232 
1 11 150 
61 53 254 
247 54 136 
255 174 176 
118 183 35 
70 252 89 
55 196 32 
166 157 108 
119 17 229 
90 125 45 
66 127 56 
217 188 110 
215 179 164 
95 178 82 
15 41 9 
51 111 5 
140 167 202 
172 77 103 
24 196 120 
254 31 246 
43 97 117 
100 58 49 
210 17 228 
118 112 151 
200 128 192 
209 179 47 
214 63 214 
160 235 36 
8 4 232 
128 2 7 
118 45 105 
235 145 163 
28 99 181 
1 217 37 
152 161 165 
88 114 88 
135 73 151 
94 233 131 
130 241 135 
106 114 137 
114 232 182 
219 212 72 
126 240 171 
51 241 133 
89 137 38 
254 225 153 
87 105 226 
238 199 203 
113 73 189 
248 179 47 
129 37 23 
56 0 235 
128 127 220 
43 178 205 
176 11 87 
215 10 56 
112 97 161 
82 79 104 
29 193 177 
218 185 101 
9 59 138 
33 115 139 
12 243 10 
232 30 188 
182 207 200 
13 166 210 
69 22 51 
231 104 130 
79 133 67 
1 96 253 
102 105 56 
240 138 171 
123 151 158 
133 127 188 
66 53 139 
10 66 49 
220 136 71 
15 111 175 
145 190 53 
213 191 149 
210 37 254 
10 22 137 
181 145 32 
83 23 159 
15 89 213 
155 99 23 
204 63 159 
20 78 14 
195 223 205 
248 180 140 
141 134 178 
140 144 200 
21 69 89 
53 152 112 
212 168 201 
169 67 44 
193 15 107 
96 35 185 
111 231 153 
60 223 77 
200 109 212 
122 249 100 
66 14 170 
156 67 66 
12 23 234 
214 193 45 
2 130 61 
110 226 96 
39 81 71 
192 141 39 
14 86 148 
226 208 141 
70 19 155 
240 175 222 
51 187 245 
29 145 182 
75 148 56 
136 2 27 
232 41 108 
48 234 250 
87 248 80 
235 218 32 
120 32 51 
19 17 226 
241 68 158 
230 97 47 
157 172 195 
213 52 197 
240 29 239 
93 77 217 
87 164 209 
167 143 171 
199 7 203 
251 26 220 
221 11 32 
123 241 130 
171 142 46 
110 100 99 
52 84 128 
35 177 205 
252 8 113 
205 175 0 
120 119 7 
67 114 33 
32 79 44 
64 203 29 
194 118 172 
241 228 16 
84 24 100 
212 59 22 
161 55 30 
18 4 206 
18 124 69 
25 192 183 
58 224 6 
102 32 209 
131 227 71 
47 212 44 
63 40 68 
164 252 128 
186 157 183 
216 175 188 
166 193 56 
235 218 248 
162 20 216 
169 122 249 
122 253 220 
194 45 176 
238 108 216 
50 16 212 
178 202 113 
106 163 32 
38 73 225 
94 53 187 
87 215 207 
47 128 73 
40 251 70 
4 189 115 
180 171 224 
140 221 240 
96 144 187 
209 250 94 
241 32 167 
210 126 220 
141 213 180 
92 5 52 
165 45 47 
236 50 236 
95 230 151 
63 115 117 
48 211 5 
235 165 255 
73 150 31 
240 105 157 
205 246 115 
129 83 120 
181 248 165 
229 228 215 
209 68 190 
105 131 49 
222 179 4 
227 158 169 
226 231 64 
1 216 169 
158 165 159 
17 38 242 
137 219 235 
47 192 207 
6 146 19 
196 251 151 
245 217 74 
250 188 233 
163 158 208 
227 159 168 
140 61 77 
44 79 115 
30 216 79 
9 7 15 
217 14 161 
236 210 156 
131 200 117 
206 194 49 
183 101 207 
135 73 110 
48 213 172 
125 1 251 
241 32 211 
64 41 219 
79 2 233 
241 239 187 
141 114 131 
3 64 69 
52 247 171 
4 127 244 
114 175 201 
30 44 203 
25 29 235 
237 93 20 
200 173 23 
177 158 6 
108 43 120 
240 46 185 
53 99 176 
224 103 47 
212 217 222 
158 248 11 
105 17 40 
84 254 134 
104 198 51 
127 119 209 
133 228 252 
254 212 43 
183 9 142 
103 234 245 
151 190 206 
117 92 198 
128 197 216 
169 25 214 
47 130 157 
98 1 20 
51 135 248 
47 133 204 
90 60 214 
232 163 192 
221 58 126 
172 176 219 
114 48 160 
74 217 186 
33 8 60 
190 106 61 
210 157 196 
203 205 73 
151 39 133 
109 16 41 
45 237 99 
172 153 19 
135 12 68 
39 86 29 
225 119 38 
29 53 144 
91 8 46 
31 211 251 
105 106 34 
238 216 50 
23 5 32 
123 177 185 
142 56 197 
210 96 28 
240 65 147 
22 95 201 
166 186 209 
212 217 164 
207 66 14 
242 49 230 
36 72 236 
68 195 157 
254 82 214 
195 36 54 
223 20 119 
115 42 214 
60 209 144 
13 165 106 
177 117 172 
191 103 221 
166 139 38 
146 208 233 
47 206 59 
5 145 96 
59 113 116 
179 228 159 
137 32 112 
26 45 21 
132 222 138 
48 157 241 
14 67 125 
52 213 77 
29 5 27 
89 10 172 
185 70 29 
45 249 1 
204 130 33 
60 156 78 
82 32 44 
220 81 202 
206 95 13 
75 147 227 
152 176 232 
179 9 242 
95 194 56 
125 240 49 
126 188 180 
160 249 80 
238 75 113 
27 39 194 
229 245 33 
242 64 180 
213 216 100 
189 139 110 
176 235 48 
232 104 32 
26 230 221 
206 134 214 
30 117 33 
143 144 72 
81 117 62 
114 103 126 
38 61 87 
139 250 226 
249 170 205 
41 147 53 
74 173 28 
39 123 162 
253 153 23 
30 41 167 
102 122 28 
164 237 132 
35 19 193 
122 158 187 
92 151 102 
42 193 249 
95 11 166 
123 50 33 
30 47 186 
53 77 227 
221 179 94 
249 88 75 
125 123 94 
62 245 253 
250 81 148 
96 123 85 
89 219 96 
255 86 146 
32 116 193 
218 170 14 
190 135 194 
28 128 26 
103 254 149 
197 60 138 
194 54 219 
87 150 87 
172 239 50 
13 238 136 
159 14 253 
97 233 167 
111 167 46 
49 195 174 
75 42 172 
224 239 233 
106 178 31 
70 9 182 
157 181 165 
207 194 148 
87 98 162 
84 195 139 
251 50 50 
41 100 245 
216 175 31 
132 144 15 
109 250 193 
141 64 202 
67 221 127 
232 172 66 
124 4 164 
31 88 103 
170 84 153 
221 125 253 
210 85 173 
242 218 61 
1 71 55 
194 212 120 
140 23 85 
11 0 2 
77 124 6 
241 155 94 
88 70 178 
242 35 48 
239 245 133 
156 231 95 
217 232 167 
17 170 123 
137 54 147 
222 66 147 
224 143 15 
230 129 171 
69 217 241 
247 203 20 
39 187 9 
173 87 241 
12 49 217 
179 66 132 
47 203 186 
194 169 252 
85 138 140 
100 112 13 
15 181 230 
0 173 178 
20 212 109 
30 129 196 
15 142 245 
232 65 55 
108 112 2 
39 50 172 
35 135 54 
175 236 166 
188 251 92 
163 252 9 
85 16 221 
194 46 95 
134 61 237 
124 38 46 
179 146 159 
182 185 209 
98 221 89 
152 140 69 
62 73 64 
154 236 60 
163 65 77 
129 3 123 
224 137 185 
205 5 223 
251 185 113 
154 111 43 
108 209 8 
197 105 148 
10 167 221 
74 66 201 
135 229 10 
212 102 13 
79 70 151 
8 19 156 
231 15 85 
89 169 196 
132 21 149 
140 218 254 
32 228 166 
254 47 232 
199 182 205 
210 138 52 
223 217 122 
118 226 142 
19 201 157 
104 34 70 
45 166 92 
194 50 54 
193 83 27 
103 81 74 
79 24 0 
28 234 138 
80 202 99 
203 64 69 
89 83 15 
246 188 49 
60 233 216 
152 171 10 
207 108 93 
234 211 174 
52 34 199 
52 63 177 
190 143 123 
33 90 188 
103 179 15 
118 169 203 
167 230 180 
127 126 96 
138 77 204 
231 55 160 
150 107 194 
93 159 1 
14 93 145 
138 127 235 
70 230 159 
85 92 72 
33 3 46 
213 131 173 
53 13 250 
2 244 50 
162 138 157 
100 231 61 
102 246 154 
247 128 25 
226 198 255 
129 27 91 
202 60 95 
248 18 226 
165 71 239 
160 73 227 
210 235 110 
111 80 85 
172 182 75 
71 173 203 
96 143 145 
96 17 173 
187 219 233 
26 211 251 
252 121 67 
235 25 140 
207 235 120 
61 90 200 
146 7 126 
222 78 43 
169 174 186 
59 14 203 
232 202 166 
209 228 122 
205 225 243 
16 204 12 
156 155 247 
20 216 81 
220 107 88 
90 73 166 
133 242 85 
64 45 99 
11 21 45 
178 231 18 
44 180 243 
31 196 191 
43 96 91 
34 117 51 
115 81 158 
204 172 231 
114 49 218 
