[[[183 159 247 ...   8 203 106]
  [ 51 204  22 ...  67  21 218]
  [ 73 232  99 ... 123 122  79]
  ...
  [175 245 185 ... 218 238 173]
  [ 68  12  98 ...  88 140  10]
  [145 235 232 ... 224 207  51]]

 [[214  24  34 ...  67 199  72]
  [ 35  75 150 ...   0 157 181]
  [  1  22 102 ...  60 192 247]
  ...
  [ 92 251 139 ... 243  20  84]
  [186 192 114 ... 251 128 216]
  [176 236 218 ... 111  78 207]]

 [[ 63  65  52 ...  25 227  88]
  [170  95 144 ... 152 200 102]
  [167  79 170 ...  57  20   4]
  ...
  [ 72 201 139 ... 101 178  22]
  [  0  83 100 ... 190  11 176]
  [230  68  85 ...  88 150 174]]

 ...

 [[ 77 186 179 ... 229 164 127]
  [ 37   9 119 ... 115 130  32]
  [ 65  54  48 ...   1  39 248]
  ...
  [ 80 248 155 ...  54 199  26]
  [119  16  61 ... 151 193   2]
  [  0 147 174 ...  16  26  34]]

 [[157 171 217 ... 104 158 102]
  [177 143  54 ... 217 144 169]
  [142  64 160 ...  61  28 183]
  ...
  [160 182  25 ...   7 222 181]
  [ 59  49 241 ...  64  47 204]
  [ 20 200  54 ...  20 235 204]]

 [[161 167 109 ... 115 250   6]
  [ 68  65  29 ... 221 225 134]
  [142  31 137 ...   7 248 108]
  ...
  [210  66 212 ... 174 191 106]
  [111 119  35 ...  89  14  54]
  [119 224 219 ... 140 136  89]]]