48 173 205 
172 159 142 
32 225 34 
200 123 10 
172 78 174 
65 90 233 
5 179 224 
144 248 62 
145 75 37 
43 57 227 
199 105 144 
148 21 48 
34 53 17 
68 254 140 
78 170 218 
252 235 53 
229 240 232 
197 129 225 
3 18 44 
41 62 101 
12 5 206 
156 153 227 
204 187 24 
221 255 22 
106 77 192 
68 73 171 
121 46 156 
98 243 29 
67 247 47 
111 32 109 
212 44 114 
162 200 11 
133 149 198 
157 114 197 
180 220 18 
116 33 91 
32 154 137 
188 252 125 
217 63 116 
8 174 148 
118 130 192 
232 36 136 
244 169 29 
186 71 144 
128 251 108 
146 111 141 
238 143 40 
119 75 36 
244 36 100 
104 45 18 
252 163 149 
188 139 185 
69 127 99 
98 58 170 
242 186 165 
95 76 20 
236 58 164 
20 178 239 
57 166 20 
157 15 65 
175 11 228 
68 200 111 
254 13 239 
97 111 41 
11 98 227 
176 193 47 
196 173 106 
104 194 28 
88 251 194 
108 152 209 
173 71 221 
145 140 165 
0 138 178 
239 235 33 
24 246 131 
251 166 68 
43 106 242 
149 211 180 
177 43 175 
115 151 71 
69 68 142 
34 213 26 
199 213 164 
121 197 143 
154 221 133 
30 217 43 
98 4 150 
84 153 105 
8 74 148 
183 189 43 
254 2 111 
141 36 68 
167 235 25 
76 100 222 
219 255 188 
97 29 149 
140 127 153 
34 212 50 
139 220 124 
31 148 57 
74 146 60 
185 31 96 
253 199 76 
23 19 176 
245 238 175 
177 79 204 
70 220 76 
223 254 32 
17 138 252 
141 169 144 
199 244 35 
3 173 66 
99 171 9 
175 194 28 
96 183 11 
15 105 90 
220 175 54 
40 143 53 
72 160 191 
68 46 104 
213 245 92 
248 248 10 
58 91 181 
68 11 119 
96 107 46 
107 122 151 
198 86 71 
252 126 214 
49 198 118 
240 11 164 
89 224 153 
181 216 145 
191 18 237 
116 86 248 
235 183 99 
26 34 221 
177 232 52 
248 229 178 
206 22 121 
69 7 132 
233 96 100 
131 21 60 
20 213 78 
1 73 165 
249 53 92 
92 79 126 
58 0 103 
110 249 76 
32 199 98 
153 12 105 
29 246 201 
129 121 223 
189 141 180 
12 143 253 
177 136 50 
13 229 129 
139 31 130 
242 141 123 
62 173 66 
161 71 79 
10 100 69 
212 230 190 
179 163 75 
103 175 218 
100 96 99 
151 109 72 
24 249 103 
154 235 244 
21 42 161 
88 203 232 
167 213 77 
236 169 51 
170 92 214 
245 195 134 
208 40 230 
51 191 84 
123 215 77 
226 114 56 
214 135 98 
119 223 45 
96 134 3 
173 114 172 
224 28 9 
182 18 204 
60 226 244 
35 21 179 
119 144 139 
196 114 253 
252 72 132 
95 191 100 
140 31 234 
143 204 93 
60 172 121 
69 99 139 
17 159 109 
6 194 130 
185 57 18 
68 253 132 
65 250 204 
198 89 140 
42 229 171 
20 117 120 
113 177 36 
235 246 135 
118 7 39 
228 13 233 
102 199 35 
121 11 32 
253 77 26 
202 19 115 
86 61 89 
1 81 206 
121 195 127 
158 174 117 
37 36 124 
76 8 138 
54 111 81 
89 232 92 
121 229 169 
148 175 188 
7 5 249 
96 7 75 
46 128 14 
173 30 188 
34 68 224 
159 144 233 
41 198 88 
122 31 64 
214 153 37 
128 45 213 
60 52 218 
54 149 225 
129 195 98 
143 113 128 
75 147 196 
43 50 85 
20 91 27 
108 213 59 
172 172 212 
210 44 1 
167 104 53 
129 158 202 
99 31 142 
197 174 255 
69 249 146 
10 37 197 
95 57 32 
122 166 246 
181 82 162 
137 36 206 
138 203 54 
192 77 213 
138 176 244 
24 117 163 
23 186 156 
170 196 193 
111 35 251 
143 158 161 
133 83 243 
39 221 24 
245 103 227 
44 39 48 
1 178 224 
245 202 85 
152 226 16 
53 140 212 
246 251 248 
241 138 150 
146 16 233 
134 55 198 
158 45 46 
129 89 85 
178 90 7 
146 79 210 
232 232 180 
248 29 64 
204 19 59 
196 5 197 
90 151 213 
68 29 13 
10 187 58 
56 61 147 
142 239 237 
149 129 60 
103 105 36 
27 97 65 
91 46 85 
150 242 90 
92 77 241 
49 145 15 
62 155 202 
120 212 7 
11 98 246 
248 247 120 
53 95 225 
89 122 67 
155 214 113 
240 108 99 
74 200 176 
59 250 65 
74 56 221 
21 177 177 
28 188 19 
19 181 10 
139 234 105 
108 67 228 
175 222 186 
32 206 38 
132 24 239 
52 84 233 
118 158 33 
83 179 210 
4 208 143 
23 227 68 
33 110 46 
139 218 113 
111 138 80 
41 170 30 
79 46 55 
62 99 139 
39 217 41 
73 44 221 
27 48 173 
170 71 144 
238 104 254 
28 243 216 
142 98 98 
222 139 13 
252 219 59 
51 25 158 
190 65 119 
232 138 163 
197 165 211 
114 80 26 
2 62 131 
0 91 118 
216 233 217 
59 199 100 
72 195 63 
131 247 89 
34 181 154 
153 157 36 
61 98 201 
16 212 25 
43 214 88 
174 214 179 
36 175 156 
253 234 99 
98 50 38 
161 181 29 
250 215 211 
148 113 112 
184 174 211 
130 190 167 
155 233 126 
243 151 84 
166 188 3 
66 185 237 
165 27 31 
204 189 213 
233 183 172 
188 76 29 
45 4 203 
0 134 138 
167 34 115 
37 21 11 
122 188 199 
125 254 128 
107 164 156 
138 112 89 
95 89 16 
12 22 92 
41 67 97 
245 67 231 
127 234 9 
242 16 31 
253 138 219 
196 7 217 
69 114 125 
225 253 237 
58 92 71 
74 104 93 
167 146 160 
8 135 227 
239 6 205 
249 248 221 
24 246 103 
243 186 111 
204 255 225 
74 224 222 
55 26 59 
126 101 163 
219 12 53 
123 20 188 
94 3 194 
44 252 187 
9 20 177 
113 7 107 
224 212 107 
193 30 75 
160 85 102 
219 212 203 
126 175 215 
180 43 235 
112 137 238 
51 181 235 
238 191 255 
159 48 7 
10 16 219 
117 209 249 
193 113 78 
39 76 34 
242 203 210 
201 127 253 
180 239 134 
162 34 60 
141 16 251 
141 175 43 
148 186 59 
111 47 12 
104 240 126 
182 23 202 
217 9 149 
171 210 20 
168 134 4 
46 41 38 
106 182 55 
101 67 230 
144 215 160 
203 70 208 
216 174 192 
86 101 216 
32 62 225 
182 233 180 
202 145 58 
206 191 99 
245 42 26 
44 143 93 
18 32 53 
179 235 123 
131 195 42 
67 25 143 
27 58 205 
253 240 182 
177 186 71 
235 137 6 
79 126 48 
105 170 192 
198 188 224 
251 111 203 
119 242 143 
161 54 168 
48 81 226 
253 78 210 
179 255 141 
250 235 22 
0 58 148 
49 163 62 
241 105 250 
209 101 106 
156 220 92 
43 125 146 
212 173 228 
182 170 50 
137 93 50 
22 87 29 
44 87 87 
192 136 250 
254 121 99 
248 74 200 
98 231 164 
191 18 33 
81 230 206 
53 157 120 
104 38 213 
154 60 44 
183 104 132 
14 40 12 
8 38 134 
107 30 208 
52 129 183 
216 64 202 
250 145 176 
200 199 77 
65 47 115 
22 201 175 
67 128 23 
199 142 63 
211 150 101 
89 1 132 
42 53 5 
225 14 69 
171 8 214 
92 208 157 
169 17 204 
29 40 149 
204 107 21 
228 50 163 
35 5 57 
137 95 59 
13 137 112 
18 106 126 
87 22 134 
45 114 87 
203 27 104 
151 56 144 
45 5 251 
66 233 45 
230 12 51 
31 149 146 
90 162 27 
203 180 133 
73 11 155 
208 57 13 
39 4 41 
143 155 97 
32 200 102 
27 11 79 
73 241 92 
124 16 241 
14 107 148 
41 54 72 
174 127 84 
74 79 141 
87 118 145 
128 6 44 
226 38 245 
72 65 0 
152 138 241 
244 6 1 
229 20 108 
121 61 162 
194 236 34 
22 54 113 
163 141 232 
52 14 238 
96 240 20 
85 56 85 
85 208 224 
70 196 230 
72 170 251 
180 35 56 
87 229 36 
121 251 90 
234 158 232 
210 210 246 
192 51 230 
212 136 30 
42 222 239 
10 36 179 
240 108 93 
235 33 129 
36 120 102 
72 241 98 
163 219 0 
139 174 211 
129 110 6 
103 67 142 
133 109 108 
116 119 145 
40 103 253 
133 83 30 
6 119 150 
109 191 135 
207 98 99 
207 237 17 
162 110 127 
168 213 194 
55 91 47 
163 207 166 
52 247 14 
50 125 97 
80 131 216 
231 240 151 
110 191 250 
209 143 231 
226 49 86 
98 218 43 
36 17 134 
84 180 86 
250 233 77 
8 27 202 
105 107 78 
65 82 62 
217 193 254 
211 146 141 
186 117 190 
16 215 152 
60 251 169 
194 79 94 
24 74 71 
102 82 98 
48 188 205 
126 253 32 
189 214 225 
187 169 115 
72 100 232 
6 116 191 
159 176 187 
72 115 10 
166 139 84 
237 241 167 
79 34 99 
29 160 96 
61 93 55 
30 24 224 
145 96 68 
122 103 185 
57 6 105 
244 78 220 
255 245 104 
83 226 89 
250 50 123 
93 79 28 
190 140 121 
245 170 146 
213 59 242 
26 181 89 
211 239 95 
60 227 174 
25 226 163 
129 54 133 
218 48 183 
86 142 6 
114 76 146 
235 65 60 
125 22 120 
112 48 45 
201 3 28 
41 64 0 
215 89 226 
122 218 24 
255 180 73 
183 10 215 
189 124 35 
80 104 100 
140 229 122 
4 85 171 
50 31 174 
78 72 238 
78 31 71 
49 153 33 
73 152 214 
146 79 224 
105 13 93 
140 93 197 
240 233 170 
107 238 0 
22 32 31 
196 110 103 
179 189 134 
250 238 31 
28 55 183 
242 202 7 
210 51 20 
47 192 113 
244 176 90 
159 27 72 
159 49 104 
190 246 215 
37 169 148 
171 163 130 
202 191 185 
129 177 131 
136 132 183 
156 179 119 
13 168 39 
104 71 67 
176 230 116 
25 164 106 
240 201 19 
132 116 183 
6 62 118 
191 191 40 
67 72 172 
250 228 95 
113 242 7 
152 90 78 
219 10 52 
80 35 216 
186 19 161 
206 151 21 
133 157 83 
251 93 19 
35 160 91 
207 154 63 
47 11 49 
54 163 139 
133 127 150 
185 207 185 
146 137 205 
51 87 100 
73 220 2 
156 216 95 
175 251 255 
10 203 153 
74 250 164 
123 48 71 
7 181 198 
157 111 149 
86 1 31 
35 52 118 
136 125 83 
138 26 43 
233 201 38 
232 212 241 
129 30 235 
37 153 28 
108 160 209 
51 61 64 
200 148 65 
231 183 118 
94 63 243 
177 201 13 
220 178 215 
2 154 171 
244 27 201 
223 64 98 
251 173 3 
205 224 64 
13 168 212 
79 144 140 
197 238 203 
184 159 149 
198 123 71 
157 125 226 
72 113 253 
17 81 62 
115 76 235 
118 25 203 
183 39 115 
139 118 3 
23 59 241 
227 243 144 
120 185 11 
191 86 137 
161 158 250 
159 175 75 
221 35 152 
200 153 177 
147 80 216 
6 220 78 
10 243 137 
251 214 125 
140 78 54 
151 14 141 
32 175 43 
27 78 219 
102 43 254 
254 243 151 
176 134 232 
136 141 196 
215 151 183 
96 146 142 
221 30 220 
20 182 234 
161 214 154 
204 241 232 
167 88 20 
165 86 7 
61 6 142 
37 143 27 
233 102 178 
160 198 68 
46 164 99 
11 184 25 
245 89 239 
143 37 225 
120 205 57 
140 114 143 
147 175 150 
33 212 37 
60 189 139 
238 94 81 
51 140 245 
150 151 173 
175 141 6 
158 28 44 
127 148 249 
184 32 107 
72 180 27 
222 213 239 
3 18 173 
142 0 11 
223 51 151 
213 201 47 
130 120 188 
137 23 216 
181 150 109 
174 79 141 
25 151 65 
52 117 23 
36 120 41 
209 6 41 
220 229 93 
115 186 38 
162 61 159 
94 198 182 
55 123 76 
164 41 155 
49 66 50 
115 119 167 
138 155 31 
179 108 37 
220 72 11 
57 187 197 
96 94 2 
255 188 200 
181 243 67 
1 151 108 
157 201 175 
207 60 38 
119 198 193 
150 121 45 
188 85 117 
199 143 48 
140 239 142 
143 238 75 
87 163 62 
155 164 214 
7 65 159 
182 17 219 
220 136 161 
157 30 26 
202 218 111 
63 161 254 
112 46 237 
254 189 219 
73 20 126 
136 175 35 
94 183 100 
253 109 117 
216 74 253 
121 231 28 
147 178 246 
2 241 152 
1 97 198 
238 96 131 
202 169 151 
72 49 71 
107 143 254 
208 140 107 
69 100 181 
67 221 157 
95 112 79 
85 115 64 
237 116 162 
179 98 2 
54 44 171 
206 117 221 
21 224 108 
19 176 249 
126 246 93 
52 57 59 
209 152 171 
32 237 30 
96 219 146 
2 142 245 
4 197 33 
176 147 150 
141 168 119 
249 187 39 
242 57 29 
80 109 86 
139 62 238 
54 94 220 
85 191 183 
231 193 69 
220 198 10 
254 118 157 
148 3 69 
11 252 0 
51 239 58 
80 63 167 
167 202 230 
149 0 68 
113 85 3 
40 61 197 
110 25 139 
120 23 1 
22 172 4 
91 183 0 
92 234 239 
150 59 46 
61 226 248 
35 119 249 
104 233 78 
107 17 139 
48 127 165 
187 248 188 
188 14 104 
192 105 32 
193 197 10 
176 91 69 
223 153 39 
215 188 159 
208 36 136 
31 144 153 
170 192 25 
79 124 17 
12 56 31 
116 249 136 
148 186 78 
159 106 169 
228 73 66 
12 33 255 
171 241 35 
51 16 179 
204 187 116 
229 10 240 
246 22 40 
21 139 33 
158 31 219 
236 190 70 
149 163 143 
216 175 176 
215 90 162 
250 141 178 
174 89 109 
34 63 120 
18 53 142 
58 75 25 
92 233 57 
55 213 247 
125 106 154 
13 66 73 
189 25 163 
95 20 48 
18 194 138 
127 228 201 
247 246 254 
134 48 73 
159 140 50 
216 196 7 
208 65 114 
106 78 180 
180 12 206 
87 107 226 
136 125 164 
18 253 136 
219 244 126 
217 122 174 
35 26 59 
85 242 255 
93 194 64 
207 45 143 
131 225 155 
81 56 6 
51 192 132 
215 210 129 
95 173 117 
221 135 240 
140 170 10 
199 255 252 
198 92 191 
6 43 236 
149 175 205 
48 0 5 
55 52 198 
187 11 152 
60 107 70 
177 72 205 
161 212 119 
171 155 118 
168 97 211 
103 104 254 
83 253 173 
32 46 174 
37 101 226 
235 32 237 
132 92 88 
202 13 161 
151 175 117 
14 90 17 
132 2 114 
87 105 218 
86 188 216 
3 220 6 
177 2 107 
147 237 139 
129 113 231 
217 59 244 
122 210 163 
240 224 254 
1 101 0 
115 188 106 
78 18 38 
38 22 3 
44 199 5 
151 91 242 
34 220 100 
9 181 159 
253 48 114 
161 32 82 
159 33 183 
159 148 116 
9 226 134 
48 8 156 
51 52 100 
56 203 191 
42 237 155 
142 246 80 
46 244 128 
160 149 160 
242 52 193 
170 211 86 
30 221 56 
164 13 65 
65 64 117 
165 120 65 
100 162 46 
255 49 37 
79 95 25 
208 255 174 
112 241 226 
50 155 181 
136 185 146 
192 94 159 
1 159 223 
119 68 87 
184 168 250 
230 167 43 
11 246 138 
36 198 137 
210 55 122 
180 105 22 
106 241 207 
252 177 45 
156 179 204 
123 42 16 
211 226 184 
205 200 95 
248 212 86 
130 248 28 
11 203 83 
133 127 188 
155 233 173 
107 230 95 
152 130 18 
101 253 60 
117 208 30 
46 157 230 
141 149 186 
227 23 179 
0 34 126 
83 168 253 
16 67 231 
189 174 205 
28 71 79 
46 172 76 
106 33 29 
136 79 186 
111 221 80 
41 192 103 
220 192 138 
90 20 50 
88 36 117 
63 225 36 
12 254 107 
91 44 23 
167 151 56 
196 31 136 
127 142 101 
207 184 37 
54 148 230 
192 239 250 
242 71 30 
104 134 255 
140 146 253 
247 237 42 
14 148 193 
70 89 224 
206 216 111 
51 167 39 
89 221 187 
63 158 170 
57 144 241 
87 248 119 
86 132 9 
84 123 246 
126 137 139 
63 208 228 
31 158 188 
142 210 99 
181 43 64 
113 106 222 
27 163 111 
13 250 103 
132 80 236 
142 164 103 
132 34 241 
15 97 193 
243 129 95 
175 15 49 
18 197 92 
83 54 198 
49 81 105 
160 94 99 
8 227 180 
244 113 88 
91 245 123 
76 5 220 
13 248 93 
109 168 109 
158 186 50 
251 13 104 
193 63 185 
43 223 24 
142 231 251 
66 219 108 
155 55 97 
22 131 102 
242 145 95 
80 254 7 
189 156 193 
239 151 207 
87 89 14 
16 132 237 
40 18 213 
35 85 176 
143 240 231 
241 6 107 
87 248 252 
182 72 250 
189 5 150 
127 244 46 
78 75 135 
92 92 11 
73 132 29 
30 168 114 
207 55 98 
182 40 104 
33 128 97 
29 54 169 
23 244 175 
174 115 163 
220 193 239 
99 29 75 
110 102 207 
139 133 119 
254 84 175 
96 10 215 
201 44 87 
42 73 142 
211 97 130 
130 15 245 
38 235 182 
21 78 211 
96 188 57 
47 71 190 
167 69 18 
86 166 29 
45 111 73 
133 153 146 
19 108 243 
149 239 2 
138 21 237 
64 42 59 
19 138 247 
76 185 63 
11 96 132 
29 182 42 
58 228 153 
131 105 50 
22 124 159 
9 17 142 
12 155 163 
249 219 205 
53 238 87 
44 58 16 
107 69 113 
240 99 39 
26 157 11 
180 33 116 
230 55 240 
133 64 1 
19 76 156 
182 70 119 
131 123 101 
218 167 160 
235 19 229 
92 3 72 
131 29 230 
143 209 7 
3 184 62 
244 61 126 
245 81 203 
146 7 17 
9 139 140 
111 101 51 
15 80 70 
244 172 73 
61 48 103 
35 191 56 
42 194 240 
104 182 46 
230 172 127 
177 62 134 
194 71 17 
78 182 119 
130 197 199 
200 186 116 
18 247 164 
121 26 99 
177 68 37 
162 172 220 
208 146 136 
79 68 198 
213 6 13 
231 85 196 
94 215 137 
37 159 67 
153 177 58 
61 42 84 
160 220 152 
198 126 68 
162 78 215 
42 157 27 
240 114 33 
253 89 118 
193 183 77 
75 221 237 
142 118 158 
201 180 201 
29 84 165 
182 26 35 
250 188 113 
209 230 14 
236 214 128 
14 212 218 
132 149 145 
210 224 110 
191 111 229 
93 56 153 
38 85 237 
203 11 8 
238 6 196 
95 215 171 
109 196 129 
238 210 85 
200 86 235 
89 40 203 
200 231 58 
173 69 114 
70 107 200 
51 55 211 
59 37 217 
0 133 177 
171 242 117 
44 224 71 
130 168 157 
109 2 198 
56 202 173 
115 119 242 
229 189 94 
173 240 149 
129 44 186 
90 44 63 
11 215 50 
128 3 18 
199 133 187 
101 242 189 
43 43 135 
216 158 254 
203 131 187 
41 49 171 
190 178 215 
120 12 3 
184 24 218 
234 152 222 
252 96 99 
183 197 86 
116 240 129 
251 200 31 
249 147 162 
180 188 211 
96 122 133 
55 243 146 
59 171 170 
21 149 66 
243 145 162 
87 73 103 
173 189 87 
46 185 32 
77 178 179 
239 103 112 
195 199 234 
72 254 221 
218 57 136 
132 79 29 
199 66 175 
105 153 248 
209 70 181 
40 116 110 
72 193 33 
252 177 136 
108 116 79 
86 188 77 
52 151 135 
188 27 214 
218 226 24 
137 76 178 
129 29 248 
54 69 109 
165 142 46 
198 138 223 
78 246 83 
157 76 16 
234 128 167 
113 61 194 
71 23 165 
96 160 241 
18 33 14 
10 87 83 
119 252 225 
166 194 107 
133 16 97 
217 173 174 
233 152 46 
144 9 107 
82 81 130 
247 177 34 
232 195 67 
246 205 155 
74 69 151 
43 235 90 
151 112 106 
248 73 24 
166 50 176 
213 194 185 
64 21 10 
195 12 187 
229 245 126 
41 235 76 
196 53 145 
91 97 124 
181 248 236 
32 240 54 
56 151 104 
232 108 43 
161 172 64 
172 111 76 
103 85 65 
230 126 45 
50 66 98 
195 157 195 
63 83 187 
43 115 172 
97 171 67 
202 147 175 
245 52 91 
53 224 203 
129 72 32 
195 46 158 
240 96 224 
82 35 125 
22 98 208 
209 141 67 
125 239 238 
192 185 129 
111 174 182 
203 227 150 
150 100 222 
182 39 12 
84 23 108 
52 106 143 
177 128 241 
130 81 127 
197 207 110 
180 143 39 
53 255 213 
235 202 184 
130 96 28 
96 22 68 
109 106 91 
217 158 197 
105 79 69 
90 209 151 
217 151 102 
71 75 245 
110 128 244 
67 108 190 
251 238 30 
24 78 52 
92 187 158 
183 149 60 
125 254 140 
194 88 93 
89 50 244 
191 121 63 
181 232 192 
169 43 44 
104 39 26 
134 63 104 
187 155 36 
89 82 185 
150 207 183 
34 146 15 
127 235 65 
116 171 187 
179 96 163 
115 9 206 
159 113 245 
185 248 52 
34 179 207 
70 12 34 
255 162 241 
182 196 131 
197 68 111 
7 184 26 
194 107 122 
101 223 131 
51 126 245 
41 56 237 
93 90 160 
45 160 172 
79 159 79 
64 85 19 
196 26 87 
51 33 15 
77 227 123 
199 72 90 
74 124 216 
63 165 16 
44 2 106 
204 47 10 
121 126 169 
200 191 254 
219 131 25 
51 182 58 
66 3 30 
189 202 102 
23 20 226 
240 84 135 
0 128 138 
107 77 185 
117 198 56 
31 142 247 
29 105 122 
54 156 48 
113 223 51 
143 156 253 
245 180 17 
216 164 101 
95 164 230 
233 15 51 
163 133 249 
219 164 135 
210 193 240 
76 248 141 
124 105 108 
175 248 8 
172 237 188 
189 197 96 
35 37 5 
9 14 20 
60 177 153 
53 140 61 
188 94 255 
172 170 247 
57 38 96 
165 213 88 
174 129 69 
106 63 11 
203 98 48 
208 107 62 
228 167 240 
126 220 124 
187 152 219 
186 68 133 
177 126 172 
17 35 129 
105 209 3 
175 60 66 
186 7 164 
234 215 15 
40 187 182 
24 57 146 
149 245 42 
112 175 110 
245 97 236 
161 114 16 
35 220 225 
38 139 29 
104 69 36 
12 47 251 
27 87 183 
209 112 240 
99 5 229 
141 117 149 
251 106 246 
232 12 104 
248 47 68 
217 85 207 
247 189 20 
27 201 67 
23 228 155 
206 181 11 
190 24 16 
164 165 133 
57 160 239 
47 136 251 
151 128 42 
220 90 127 
171 81 60 
192 108 5 
3 131 233 
158 81 158 
169 16 182 
185 180 91 
62 237 252 
46 28 132 
41 179 5 
84 143 95 
211 59 176 
16 251 28 
21 254 160 
255 157 241 
157 70 1 
84 0 181 
175 62 162 
171 108 190 
48 150 114 
53 234 1 
148 189 60 
68 205 55 
96 227 54 
0 226 211 
242 127 25 
243 211 25 
169 131 88 
75 46 196 
10 94 90 
124 147 68 
125 39 2 
186 107 207 
241 204 178 
39 204 148 
250 190 20 
20 178 231 
45 91 106 
133 166 153 
74 176 247 
164 44 139 
233 170 178 
235 100 30 
186 85 234 
109 125 182 
1 119 117 
21 139 39 
253 185 130 
103 62 40 
0 136 217 
248 45 5 
131 22 175 
53 1 19 
83 187 105 
61 40 230 
244 42 93 
105 63 233 
144 60 162 
18 164 224 
58 164 105 
19 156 150 
25 31 172 
200 85 173 
220 168 104 
69 230 145 
43 218 187 
136 67 250 
113 211 55 
19 229 219 
244 31 127 
93 51 28 
243 76 59 
159 20 144 
76 240 57 
180 53 31 
69 96 249 
0 233 60 
251 90 15 
50 110 244 
13 98 19 
140 191 70 
168 178 146 
228 81 167 
116 157 151 
173 81 205 
204 151 45 
197 151 22 
1 146 113 
16 196 223 
4 209 65 
24 94 0 
94 6 178 
241 234 3 
152 95 160 
47 12 241 
252 217 136 
42 158 32 
64 160 178 
177 176 119 
144 181 72 
209 205 166 
209 43 173 
131 28 151 
134 180 246 
38 228 3 
24 224 220 
160 10 122 
192 75 26 
115 252 203 
234 141 128 
50 94 77 
217 48 120 
134 179 149 
29 58 73 
20 96 45 
23 120 14 
243 25 24 
109 217 99 
136 76 96 
83 54 237 
211 105 75 
32 66 123 
152 200 47 
45 229 105 
119 249 201 
164 16 66 
178 3 91 
203 113 52 
46 249 129 
142 76 183 
123 31 32 
199 63 98 
66 215 42 
113 5 16 
218 124 9 
164 32 26 
230 211 29 
65 158 142 
117 204 135 
246 91 211 
174 214 242 
206 157 49 
49 224 9 
91 81 14 
107 44 138 
117 208 170 
143 182 125 
172 247 27 
59 108 232 
194 99 67 
150 17 25 
136 223 183 
186 16 151 
195 108 232 
209 215 20 
91 76 228 
5 219 154 
131 136 145 
158 195 254 
134 133 97 
201 27 114 
227 164 81 
154 94 98 
49 33 206 
25 242 165 
46 77 242 
18 82 205 
173 213 85 
62 116 24 
60 250 158 
157 196 185 
15 167 93 
97 65 187 
195 114 220 
145 139 206 
54 185 27 
40 204 110 
246 121 67 
75 183 183 
100 244 178 
2 145 118 
187 161 29 
25 2 94 
212 197 208 
177 86 91 
127 140 21 
155 181 225 
9 171 90 
76 246 17 
4 90 5 
182 92 151 
44 24 56 
73 49 58 
167 5 255 
119 182 85 
210 54 225 
231 209 150 
200 218 65 
34 38 56 
52 42 146 
57 224 239 
208 12 7 
8 85 56 
66 252 61 
65 115 244 
150 70 42 
120 45 251 
14 246 213 
80 24 251 
136 76 38 
26 134 6 
9 86 19 
16 95 104 
72 161 101 
134 227 216 
122 121 30 
164 241 76 
159 0 66 
116 80 90 
111 216 167 
149 242 45 
156 252 131 
175 12 226 
23 85 132 
124 219 103 
85 85 224 
115 249 210 
191 152 210 
1 12 34 
92 123 250 
3 17 236 
48 173 232 
179 92 245 
150 115 74 
26 240 37 
129 69 122 
97 184 115 
51 120 11 
5 121 23 
39 213 146 
33 216 163 
14 8 80 
246 188 172 
235 82 32 
53 108 16 
90 237 85 
212 78 13 
71 130 133 
82 135 255 
105 175 212 
252 208 173 
159 222 181 
240 213 113 
156 192 195 
188 246 47 
204 80 28 
33 37 107 
47 108 237 
180 191 116 
179 40 35 
136 36 244 
53 196 210 
234 180 167 
92 80 104 
31 13 94 
79 217 174 
107 251 211 
214 42 64 
195 222 255 
56 146 39 
91 26 76 
79 79 16 
34 57 196 
201 149 20 
49 181 33 
143 4 251 
62 111 246 
17 70 32 
81 9 254 
80 65 144 
120 157 170 
196 236 249 
212 14 51 
152 216 200 
172 9 125 
206 153 129 
201 215 241 
191 232 55 
223 58 64 
221 138 130 
110 2 31 
24 198 11 
18 154 26 
69 50 242 
13 223 251 
139 173 148 
12 118 107 
253 53 84 
52 20 142 
117 241 24 
247 95 27 
22 120 225 
33 138 124 
59 207 174 
45 220 141 
41 103 58 
189 116 176 
41 113 229 
125 166 249 
11 27 235 
35 18 74 
62 40 194 
32 73 76 
156 133 27 
74 178 248 
216 219 95 
18 153 211 
195 194 69 
168 63 235 
162 74 6 
141 109 24 
215 172 64 
154 204 137 
230 104 14 
2 178 193 
250 138 156 
89 157 53 
45 96 247 
114 8 54 
93 170 128 
99 55 238 
123 15 154 
187 169 102 
68 143 206 
83 145 128 
20 139 11 
176 229 168 
230 18 8 
221 132 16 
20 225 187 
148 68 242 
130 191 1 
28 122 170 
130 190 58 
80 17 203 
209 37 87 
220 214 60 
132 188 78 
140 153 210 
156 173 179 
87 66 247 
74 196 182 
75 225 48 
246 99 238 
48 180 0 
251 133 37 
82 97 251 
142 229 183 
220 113 81 
174 13 254 
97 101 64 
88 175 5 
14 250 230 
62 240 73 
45 32 253 
45 28 130 
82 110 227 
78 253 200 
5 217 57 
86 136 71 
85 233 172 
149 66 91 
154 80 85 
128 143 70 
202 188 102 
199 233 130 
74 59 241 
45 137 238 
246 143 199 
47 229 79 
118 58 57 
34 208 123 
125 106 203 
211 235 90 
25 181 22 
127 124 255 
2 198 59 
243 244 196 
225 234 83 
168 25 57 
248 144 115 
49 178 67 
172 48 174 
119 3 153 
210 28 78 
232 155 202 
232 157 145 
35 144 133 
231 113 111 
59 26 136 
116 18 24 
231 67 203 
43 239 251 
217 102 254 
114 56 26 
192 33 181 
138 9 83 
27 44 227 
160 19 85 
15 78 111 
152 194 129 
176 170 196 
123 213 179 
118 174 25 
116 32 82 
142 224 115 
68 106 124 
151 134 168 
122 38 187 
207 54 10 
62 206 204 
191 126 118 
131 250 75 
54 112 249 
80 229 25 
162 115 249 
21 183 100 
145 78 234 
57 201 16 
244 152 70 
254 215 20 
203 150 147 
65 26 141 
141 80 253 
134 160 226 
160 66 86 
153 87 13 
253 232 92 
231 33 37 
248 22 189 
62 20 148 
83 223 43 
230 33 69 
115 174 149 
112 52 54 
83 212 120 
169 110 208 
182 107 184 
18 83 218 
55 75 240 
245 137 4 
137 220 228 
180 194 5 
249 53 179 
143 166 231 
197 249 188 
61 162 42 
13 88 149 
198 107 232 
160 162 51 
144 151 189 
148 33 153 
120 213 92 
125 207 145 
48 94 55 
24 35 48 
212 96 210 
254 110 43 
147 52 150 
124 212 56 
175 100 208 
108 248 241 
6 113 198 
98 238 149 
243 31 243 
43 55 22 
91 11 119 
46 9 229 
89 156 25 
239 24 237 
39 200 81 
247 52 73 
232 58 186 
175 156 169 
68 144 200 
56 187 255 
78 22 10 
197 68 19 
170 157 175 
195 140 200 
176 180 144 
1 171 196 
75 148 255 
5 67 155 
174 135 43 
118 191 230 
117 14 253 
127 211 65 
146 126 223 
66 65 107 
10 242 31 
154 243 203 
94 62 95 
93 68 162 
249 242 41 
36 105 233 
11 222 247 
8 94 202 
73 240 72 
40 50 138 
148 60 124 
179 214 111 
126 53 174 
221 146 242 
127 139 228 
169 176 77 
146 187 44 
137 195 138 
83 12 122 
156 53 173 
38 201 233 
162 124 192 
17 251 245 
191 216 135 
177 88 19 
150 1 195 
227 147 126 
15 28 65 
153 111 77 
20 11 130 
193 49 75 
170 211 200 
106 229 195 
95 164 155 
231 86 243 
250 236 244 
189 207 135 
59 223 163 
124 120 19 
201 140 30 
76 77 80 
151 248 35 
95 98 8 
34 194 173 
190 169 3 
177 163 239 
166 96 190 
45 155 157 
209 23 22 
228 224 162 
2 44 240 
82 196 232 
118 35 74 
126 70 12 
43 4 181 
46 181 88 
29 91 184 
220 137 83 
121 90 106 
143 62 75 
50 64 119 
34 147 59 
10 9 95 
84 135 165 
97 179 169 
22 225 94 
111 255 186 
39 219 67 
123 84 157 
229 228 219 
48 22 27 
168 56 174 
227 66 183 
66 150 63 
231 247 242 
144 14 211 
239 125 210 
169 164 173 
236 31 2 
137 5 230 
100 53 252 
127 221 52 
46 193 118 
229 3 12 
36 235 4 
22 123 18 
234 106 143 
188 19 51 
106 255 83 
108 136 88 
82 236 141 
78 108 107 
130 154 44 
248 127 47 
4 164 26 
8 186 150 
26 164 0 
169 97 20 
221 203 19 
48 55 156 
136 137 136 
21 215 244 
128 89 142 
172 81 14 
220 85 178 
246 94 108 
140 120 17 
141 34 114 
161 255 61 
180 47 116 
80 183 253 
217 204 212 
205 77 45 
92 249 126 
106 213 211 
28 204 49 
136 88 170 
153 229 204 
11 134 203 
72 59 250 
188 139 177 
185 100 125 
141 50 202 
186 142 196 
56 248 153 
12 20 101 
61 156 190 
231 54 163 
179 65 42 
126 138 101 
120 70 240 
41 0 85 
167 141 135 
113 72 21 
53 128 13 
207 140 33 
52 202 189 
242 177 243 
150 101 53 
192 227 191 
37 92 5 
21 133 5 
106 44 147 
241 158 219 
6 211 91 
19 162 232 
52 215 178 
242 201 99 
229 95 200 
26 31 172 
217 68 8 
223 90 141 
228 196 186 
119 182 88 
82 188 43 
174 208 206 
150 4 165 
72 246 110 
171 220 206 
116 246 237 
32 208 50 
40 175 140 
181 147 80 
111 11 6 
199 93 195 
243 11 147 
193 161 151 
102 233 142 
212 149 106 
162 9 96 
144 41 48 
194 81 223 
78 6 115 
158 118 126 
165 61 219 
104 48 231 
251 241 136 
146 87 114 
32 44 7 
138 206 16 
235 94 57 
27 32 138 
251 110 144 
110 13 6 
236 178 68 
199 26 116 
174 21 102 
55 167 189 
169 200 233 
176 82 184 
192 61 22 
249 89 55 
131 84 165 
19 194 178 
26 174 100 
94 117 126 
210 36 147 
56 91 59 
246 4 3 
223 180 85 
151 116 147 
174 109 236 
229 240 64 
138 3 2 
61 29 176 
161 123 37 
32 78 73 
179 134 164 
238 124 168 
241 92 92 
71 243 208 
218 161 61 
198 134 45 
6 17 49 
8 78 78 
184 239 202 
221 15 24 
39 195 158 
203 177 27 
116 163 119 
208 234 106 
161 196 12 
222 138 146 
12 144 163 
61 152 241 
139 80 225 
85 45 240 
109 84 179 
12 32 101 
39 148 8 
158 100 242 
8 5 182 
20 228 64 
167 240 208 
74 45 104 
60 184 184 
29 14 229 
13 123 58 
193 135 90 
38 174 238 
46 76 82 
32 85 88 
214 105 60 
22 16 44 
230 91 89 
78 151 17 
6 180 31 
235 193 155 
37 130 34 
127 168 209 
109 214 29 
192 246 114 
24 204 220 
84 226 236 
128 200 71 
217 22 222 
234 28 146 
10 8 84 
165 45 214 
199 173 127 
152 26 85 
182 218 76 
40 242 24 
4 70 251 
241 198 195 
56 159 218 
23 138 246 
169 148 254 
253 57 44 
212 0 217 
83 153 243 
168 79 206 
244 119 192 
13 124 7 
8 109 205 
203 165 109 
165 188 247 
156 102 139 
154 99 196 
198 55 196 
159 138 93 
147 51 172 
97 39 36 
33 52 160 
40 60 13 
246 8 178 
99 173 111 
90 73 213 
229 228 56 
169 170 112 
109 74 250 
203 221 45 
119 62 85 
155 95 137 
59 136 198 
72 126 206 
251 225 123 
106 59 197 
63 32 169 
119 201 83 
231 54 157 
226 1 122 
15 121 184 
100 20 24 
238 80 160 
180 152 30 
130 147 255 
253 253 58 
194 60 90 
107 180 35 
191 155 89 
92 125 91 
215 141 212 
143 241 232 
167 223 56 
71 147 209 
101 21 100 
100 19 98 
158 213 158 
248 65 82 
27 0 238 
117 92 107 
208 51 248 
164 195 234 
140 106 201 
197 178 93 
150 23 114 
250 124 133 
92 26 91 
251 19 156 
77 46 156 
59 163 248 
167 115 44 
159 23 239 
137 164 89 
83 105 11 
176 255 35 
34 249 159 
168 86 185 
3 81 204 
159 158 251 
59 218 158 
51 129 18 
95 32 41 
78 170 205 
168 253 54 
179 173 53 
214 207 47 
117 119 133 
47 122 214 
251 25 116 
246 84 78 
149 136 207 
167 231 240 
208 54 154 
158 222 151 
212 145 68 
10 104 19 
57 221 139 
190 12 5 
148 8 31 
8 254 115 
87 147 251 
38 58 227 
22 11 25 
176 169 247 
71 125 136 
139 135 240 
159 192 206 
42 126 218 
47 18 226 
78 27 225 
194 114 116 
189 152 175 
160 175 186 
185 95 99 
176 167 224 
57 50 104 
41 209 40 
247 251 167 
210 43 185 
180 121 212 
149 59 70 
10 249 223 
185 153 142 
115 83 237 
214 3 148 
182 60 199 
30 102 152 
71 93 148 
238 47 191 
167 228 56 
124 121 116 
194 131 109 
161 60 6 
47 175 89 
29 133 93 
177 60 153 
120 90 255 
17 161 93 
165 143 140 
100 55 112 
156 179 234 
16 117 109 
125 23 170 
132 70 89 
221 99 223 
58 21 27 
212 141 117 
211 158 23 
48 67 166 
189 167 221 
45 68 144 
23 84 6 
133 210 29 
47 86 99 
136 51 199 
103 110 220 
130 66 105 
248 21 8 
15 70 75 
181 3 243 
147 48 55 
35 72 139 
41 205 93 
70 252 179 
170 132 231 
113 236 85 
77 110 151 
182 102 172 
190 117 242 
10 43 245 
253 190 38 
52 225 110 
191 11 59 
29 81 55 
208 251 187 
183 108 167 
12 185 22 
163 112 124 
80 46 242 
66 56 29 
56 53 219 
94 105 188 
204 41 199 
7 70 25 
62 22 20 
249 206 129 
161 218 58 
183 126 170 
51 206 217 
37 16 17 
66 72 71 
29 166 176 
218 114 217 
161 121 31 
186 183 54 
207 177 4 
80 82 222 
138 9 92 
53 60 42 
14 98 59 
31 164 131 
102 194 42 
23 156 156 
240 61 22 
16 248 205 
70 199 126 
74 23 208 
40 161 217 
133 214 22 
175 228 120 
234 4 28 
110 106 222 
152 129 122 
52 114 184 
74 130 176 
24 200 119 
150 18 142 
103 58 47 
64 191 6 
86 111 234 
206 89 238 
235 199 89 
201 95 218 
68 148 76 
252 222 206 
172 246 150 
35 141 168 
177 244 227 
224 52 162 
230 139 17 
209 89 107 
191 68 50 
24 14 146 
243 82 38 
63 78 4 
14 250 251 
164 29 136 
77 206 124 
48 174 176 
210 149 59 
228 102 149 
79 37 217 
129 62 231 
19 49 57 
57 112 135 
62 126 129 
57 35 158 
193 112 108 
61 160 27 
237 114 176 
41 86 22 
190 165 59 
151 39 121 
127 58 170 
184 116 27 
64 178 153 
193 235 188 
96 172 44 
204 233 204 
231 214 63 
151 255 149 
173 189 59 
233 85 98 
98 212 156 
13 140 16 
40 204 194 
193 142 173 
126 238 89 
170 186 66 
119 162 25 
182 57 24 
75 231 214 
134 208 43 
232 50 255 
133 63 139 
149 103 88 
88 41 230 
5 167 212 
95 81 142 
161 200 48 
186 126 106 
211 202 81 
169 80 33 
212 57 83 
211 190 147 
94 83 250 
182 171 35 
156 177 202 
112 16 28 
255 177 228 
47 108 99 
153 63 45 
234 232 125 
11 188 182 
95 143 116 
242 237 200 
236 164 115 
16 64 36 
218 177 52 
246 176 230 
219 223 82 
62 121 145 
107 99 121 
232 111 53 
159 206 196 
19 192 177 
219 172 85 
79 188 150 
115 151 71 
168 141 247 
142 104 214 
224 166 79 
113 17 179 
234 250 34 
31 153 240 
227 172 176 
148 136 92 
234 215 25 
128 74 176 
199 242 61 
190 128 166 
148 96 76 
228 209 94 
151 187 88 
185 218 241 
169 189 157 
89 82 37 
181 60 252 
206 188 71 
126 131 57 
188 65 186 
98 213 26 
174 185 236 
12 80 167 
100 9 130 
85 178 63 
243 11 145 
24 193 205 
21 143 137 
92 14 12 
149 202 77 
79 44 35 
106 218 220 
86 231 45 
253 75 54 
127 161 233 
191 148 244 
80 172 181 
30 193 69 
167 29 83 
180 179 29 
1 2 73 
36 108 35 
1 194 10 
46 192 86 
100 63 247 
77 254 139 
66 79 55 
247 109 249 
60 20 22 
143 200 201 
172 202 204 
245 238 56 
25 239 251 
35 29 187 
121 130 250 
112 207 249 
251 17 72 
51 9 181 
44 69 201 
66 213 146 
12 129 92 
216 119 74 
16 144 58 
11 179 87 
198 45 217 
193 157 169 
186 153 186 
2 204 195 
183 248 9 
128 58 222 
18 70 95 
110 30 214 
185 47 102 
243 58 26 
74 1 71 
36 194 228 
205 124 125 
135 126 73 
75 53 65 
84 181 124 
50 200 194 
145 54 225 
104 239 16 
206 226 74 
232 45 75 
47 81 13 
20 30 137 
145 165 7 
219 240 60 
28 68 242 
152 118 186 
91 8 240 
60 112 224 
76 62 194 
150 39 239 
226 86 64 
239 106 94 
121 252 4 
128 215 244 
189 243 57 
175 140 175 
105 231 183 
89 35 39 
57 111 102 
252 5 141 
235 231 227 
44 215 78 
138 80 74 
142 208 33 
131 141 20 
188 60 160 
107 165 135 
35 255 170 
74 56 25 
176 52 31 
61 32 6 
33 76 221 
111 214 45 
185 101 254 
218 232 139 
238 164 200 
143 15 109 
22 50 108 
193 125 165 
218 45 217 
249 107 249 
0 140 69 
221 251 28 
11 180 129 
9 142 105 
148 124 13 
92 11 28 
202 34 79 
54 227 204 
219 189 249 
181 183 100 
174 183 240 
244 148 235 
16 159 159 
145 168 45 
250 61 170 
7 153 181 
35 99 215 
114 154 186 
62 117 120 
56 42 47 
156 217 230 
141 205 122 
120 221 26 
24 110 194 
69 104 255 
239 111 153 
165 146 252 
124 5 150 
55 67 12 
175 123 54 
222 24 15 
196 165 220 
62 29 185 
88 53 39 
27 123 143 
26 106 254 
179 15 145 
176 140 150 
70 195 217 
82 114 85 
137 80 109 
152 20 18 
117 82 47 
46 171 101 
86 198 224 
229 224 74 
228 148 90 
117 68 230 
11 138 169 
228 221 27 
57 102 107 
166 254 127 
184 115 209 
232 162 124 
77 248 66 
45 221 35 
119 193 183 
209 54 251 
183 65 133 
96 38 98 
123 95 200 
230 6 199 
101 190 58 
55 166 220 
179 243 212 
246 32 178 
25 152 115 
208 105 170 
203 33 235 
80 129 17 
179 253 113 
123 227 119 
66 73 53 
125 128 220 
89 51 207 
46 41 240 
224 66 136 
83 18 241 
253 221 18 
233 46 148 
250 225 145 
107 92 116 
226 159 189 
24 28 61 
244 117 113 
195 163 154 
179 131 221 
59 215 239 
45 212 205 
63 189 251 
211 184 220 
100 35 56 
217 6 215 
150 30 243 
212 18 105 
69 213 12 
223 137 144 
188 196 103 
172 241 59 
121 49 249 
116 4 177 
80 105 212 
136 66 218 
96 216 248 
83 172 10 
188 241 224 
201 209 105 
89 141 45 
192 57 31 
251 178 80 
244 38 84 
165 118 189 
122 255 255 
84 95 216 
77 178 132 
87 111 118 
55 56 71 
160 145 212 
206 81 14 
237 76 192 
61 65 231 
145 230 93 
79 96 92 
78 181 187 
38 2 110 
171 89 221 
33 145 21 
104 49 166 
60 255 247 
74 236 67 
11 41 132 
242 187 107 
79 10 203 
172 88 128 
103 127 130 
213 42 220 
178 75 109 
199 179 158 
109 239 158 
100 58 138 
168 69 180 
44 55 111 
151 134 121 
99 50 209 
227 154 80 
102 111 122 
66 34 197 
175 233 120 
77 87 104 
235 187 162 
118 99 231 
42 144 30 
153 39 164 
18 138 215 
227 110 113 
52 212 224 
174 22 2 
116 197 236 
236 18 67 
84 254 254 
246 116 98 
221 158 242 
251 55 25 
160 73 164 
119 44 18 
232 96 230 
200 15 252 
203 131 193 
183 111 211 
250 196 209 
248 186 69 
90 152 227 
76 147 26 
102 51 99 
10 170 144 
28 146 240 
2 91 255 
254 38 130 
191 221 242 
146 215 182 
100 207 112 
169 42 8 
141 118 156 
167 220 207 
11 230 122 
155 2 12 
139 4 103 
139 2 141 
13 193 106 
255 84 65 
181 184 17 
38 97 59 
46 238 177 
202 150 142 
154 161 116 
20 60 119 
32 199 123 
136 82 126 
21 96 63 
128 95 147 
193 21 75 
210 59 173 
13 105 155 
191 52 49 
77 206 210 
193 226 14 
56 2 214 
180 138 40 
50 160 136 
113 32 232 
5 225 253 
80 180 56 
253 193 161 
153 128 213 
202 205 163 
157 143 133 
171 199 136 
129 123 18 
170 173 178 
50 31 210 
26 36 180 
23 116 104 
79 114 41 
241 11 170 
198 213 119 
106 114 6 
239 30 206 
119 159 73 
138 73 247 
60 124 22 
15 150 58 
195 174 174 
43 253 32 
84 238 43 
254 181 1 
118 31 115 
124 14 145 
74 134 49 
148 16 122 
139 76 246 
161 91 141 
219 30 59 
137 73 56 
170 158 39 
213 156 220 
214 18 251 
74 143 9 
219 217 143 
12 109 159 
135 248 236 
125 153 71 
10 116 102 
69 254 175 
126 168 77 
165 125 234 
129 84 252 
124 158 139 
133 121 101 
21 134 210 
180 13 203 
160 138 100 
232 149 217 
78 218 215 
253 88 127 
75 253 252 
53 126 80 
49 250 238 
189 128 104 
34 149 238 
244 73 251 
191 234 133 
36 210 26 
253 32 245 
212 29 77 
83 104 75 
79 157 201 
160 207 196 
142 140 68 
246 174 217 
228 162 34 
223 98 12 
101 134 222 
127 131 254 
116 87 28 
194 170 132 
13 249 34 
214 153 241 
154 40 125 
222 30 43 
183 3 205 
218 226 47 
230 71 181 
197 199 56 
195 59 143 
223 253 57 
100 10 51 
134 225 204 
119 123 244 
244 90 19 
31 17 22 
236 235 248 
28 210 64 
209 151 7 
10 90 66 
153 58 64 
211 158 74 
6 36 43 
210 155 167 
199 143 1 
218 174 18 
240 154 254 
232 182 208 
40 136 103 
47 146 193 
114 43 251 
178 254 153 
252 4 189 
40 215 88 
207 158 231 
208 120 149 
226 104 48 
224 80 230 
176 121 110 
23 168 0 
217 26 44 
212 204 42 
110 201 47 
43 241 6 
132 192 164 
107 144 28 
1 114 132 
49 83 212 
23 3 77 
134 27 246 
134 244 16 
178 200 221 
221 54 166 
12 98 151 
18 230 87 
182 81 231 
210 82 89 
86 131 172 
42 155 176 
120 33 203 
110 167 191 
126 90 135 
91 55 190 
1 67 32 
152 85 6 
239 11 87 
214 221 170 
48 51 45 
220 93 200 
140 213 233 
87 67 145 
22 194 235 
158 29 34 
92 31 101 
124 183 186 
130 167 197 
217 125 162 
131 173 213 
177 138 50 
121 22 8 
99 110 75 
244 132 13 
223 34 43 
1 126 74 
102 250 1 
32 124 168 
229 86 38 
135 217 211 
92 138 93 
142 4 116 
150 103 226 
226 91 102 
239 58 137 
26 59 7 
100 161 2 
102 193 126 
14 166 212 
52 45 174 
8 137 56 
101 23 60 
217 174 163 
187 144 254 
34 127 56 
171 154 115 
178 254 20 
180 100 213 
51 115 123 
7 167 168 
181 175 49 
238 21 73 
42 238 247 
206 170 135 
204 204 6 
5 119 160 
120 41 159 
141 222 3 
98 17 118 
222 24 30 
134 206 205 
184 188 226 
1 230 209 
248 180 123 
127 129 71 
133 134 190 
38 254 231 
197 139 197 
200 238 214 
63 204 239 
93 82 189 
42 10 121 
13 11 95 
222 3 20 
89 130 149 
160 8 27 
94 46 25 
69 243 165 
11 187 147 
225 250 95 
208 87 177 
141 130 188 
6 143 199 
102 109 203 
122 198 77 
15 102 85 
42 196 131 
67 9 118 
232 20 50 
123 246 44 
218 198 132 
140 84 6 
72 90 149 
15 192 2 
218 58 200 
40 73 46 
125 115 242 
1 183 251 
119 159 16 
169 27 6 
214 245 204 
90 129 32 
96 201 123 
245 217 59 
247 179 118 
191 219 191 
237 89 51 
223 90 234 
218 209 137 
234 123 164 
240 81 154 
189 171 27 
221 11 229 
88 0 190 
148 247 113 
10 182 77 
201 163 166 
252 130 0 
230 92 209 
112 71 76 
20 55 157 
174 244 72 
202 210 83 
175 42 83 
109 190 74 
222 200 0 
43 146 163 
209 142 37 
209 117 130 
163 229 201 
239 249 0 
141 168 245 
213 114 199 
41 33 241 
124 142 176 
199 108 120 
199 152 10 
107 105 153 
144 59 14 
18 222 243 
219 205 236 
220 90 148 
209 48 6 
152 89 39 
137 213 181 
57 156 34 
178 100 186 
188 207 35 
85 95 94 
99 114 60 
86 77 10 
67 41 100 
215 250 148 
222 146 237 
5 28 195 
187 85 95 
221 7 195 
151 196 146 
186 25 242 
25 125 100 
85 211 177 
95 22 219 
196 238 213 
88 204 104 
70 209 132 
9 140 217 
104 105 225 
44 0 165 
190 187 190 
176 212 59 
20 41 15 
198 137 37 
161 77 19 
118 165 223 
222 235 177 
98 244 61 
60 93 167 
29 137 167 
194 71 98 
128 248 54 
188 12 96 
203 210 233 
240 115 54 
4 234 219 
227 200 199 
148 43 187 
210 103 24 
121 132 161 
32 70 233 
131 198 225 
185 130 237 
25 77 192 
2 62 51 
56 66 29 
20 37 230 
219 186 17 
150 140 120 
175 5 252 
80 37 66 
57 168 8 
26 98 139 
8 123 216 
200 126 22 
251 182 88 
25 202 126 
255 165 56 
16 60 196 
136 235 201 
132 59 238 
198 117 151 
206 143 249 
89 151 116 
50 95 242 
72 91 169 
161 116 115 
31 115 25 
87 131 85 
27 11 64 
228 143 123 
210 85 240 
105 35 128 
98 125 23 
215 175 119 
201 247 210 
114 152 70 
230 183 185 
255 14 60 
84 41 71 
148 13 214 
15 224 43 
0 73 78 
128 172 203 
151 131 122 
14 76 114 
224 191 10 
38 165 194 
223 164 208 
27 248 250 
98 140 7 
56 155 231 
99 155 49 
178 27 221 
125 179 96 
248 193 172 
106 162 107 
116 200 16 
54 168 180 
7 195 172 
1 38 56 
8 94 212 
240 194 111 
33 116 139 
254 241 62 
94 233 255 
10 83 161 
118 200 106 
134 254 18 
59 5 213 
231 6 251 
32 15 90 
244 255 28 
99 32 144 
238 30 129 
44 124 107 
44 134 190 
205 252 134 
55 131 133 
73 190 138 
31 165 145 
26 197 160 
116 185 159 
144 29 191 
32 11 221 
162 56 89 
13 100 223 
203 49 220 
82 105 95 
215 178 29 
97 209 194 
242 236 136 
146 96 65 
49 241 94 
240 17 106 
205 179 162 
38 192 6 
6 140 55 
226 222 160 
65 181 83 
94 22 36 
32 9 16 
168 155 113 
234 205 98 
72 189 115 
178 139 39 
84 177 231 
90 183 115 
146 153 81 
50 218 6 
133 56 29 
170 89 38 
186 1 193 
43 235 142 
141 52 76 
1 230 215 
40 59 136 
15 149 64 
131 39 217 
212 90 180 
219 223 236 
248 137 69 
30 68 71 
223 111 50 
110 253 102 
186 254 77 
145 38 136 
25 53 29 
89 184 69 
51 141 159 
231 104 126 
211 96 8 
25 126 76 
96 93 187 
146 203 184 
249 133 182 
70 22 220 
206 48 18 
235 137 202 
48 188 87 
207 163 191 
78 119 31 
86 144 157 
162 240 251 
93 130 198 
22 123 76 
204 193 98 
169 143 146 
187 123 28 
133 171 216 
221 123 124 
156 201 243 
188 31 131 
89 193 115 
84 30 245 
27 52 113 
103 1 50 
201 170 194 
92 101 61 
120 234 232 
80 199 99 
204 100 44 
191 32 75 
66 121 12 
181 206 43 
171 233 95 
28 80 96 
78 25 10 
16 117 111 
77 237 90 
54 62 33 
153 10 133 
198 202 165 
17 12 31 
30 194 237 
73 109 214 
168 137 38 
9 215 63 
19 232 181 
131 53 162 
221 107 224 
254 5 235 
132 203 181 
41 220 193 
72 250 131 
53 67 240 
11 236 121 
49 245 81 
113 8 57 
38 139 110 
200 104 218 
169 103 223 
148 235 170 
73 20 134 
10 93 129 
142 146 196 
126 158 176 
248 207 165 
73 64 174 
130 102 57 
240 47 162 
202 216 9 
169 108 244 
83 181 8 
218 191 101 
91 77 248 
31 204 150 
208 196 101 
117 13 166 
35 143 12 
93 127 59 
255 74 19 
8 243 127 
252 71 52 
4 33 244 
106 124 65 
98 155 13 
248 107 209 
93 225 222 
3 4 109 
16 97 237 
75 96 55 
95 104 42 
222 100 113 
19 105 146 
7 211 14 
72 53 170 
86 45 21 
39 138 246 
6 142 251 
115 158 92 
96 233 189 
151 72 37 
194 39 138 
51 58 243 
198 65 198 
212 137 251 
126 223 40 
148 7 178 
138 13 64 
133 128 222 
226 225 200 
159 120 16 
196 58 55 
78 110 113 
65 52 178 
7 8 60 
2 135 27 
42 27 34 
221 165 47 
29 43 176 
252 13 145 
196 172 9 
212 112 68 
12 191 178 
125 0 230 
48 8 238 
108 10 117 
135 53 144 
170 18 54 
217 47 97 
137 43 110 
26 239 26 
36 196 138 
104 208 73 
26 77 74 
0 125 82 
238 233 92 
100 113 145 
244 27 163 
42 244 211 
139 126 254 
249 152 238 
19 188 178 
158 36 130 
231 62 207 
49 62 77 
131 45 54 
224 145 167 
113 133 194 
21 176 183 
232 59 53 
230 53 205 
212 72 138 
134 230 174 
8 206 237 
216 255 43 
37 131 88 
91 99 233 
3 212 111 
197 233 31 
124 209 90 
177 184 143 
127 140 216 
9 19 190 
183 27 140 
164 243 140 
208 24 15 
40 116 114 
18 119 70 
129 60 48 
160 185 1 
250 106 185 
138 233 70 
98 242 89 
32 170 116 
173 78 104 
57 30 128 
72 71 244 
186 89 107 
0 218 168 
48 122 97 
50 116 203 
235 254 181 
49 96 167 
138 129 81 
255 46 160 
103 103 190 
231 175 5 
220 105 94 
71 105 56 
239 154 178 
80 204 39 
28 183 37 
209 233 134 
120 115 7 
202 114 53 
106 217 156 
40 193 75 
46 157 180 
140 228 29 
197 212 183 
119 36 131 
158 64 59 
196 17 36 
74 138 151 
81 84 10 
134 190 227 
34 230 164 
109 20 65 
33 161 38 
62 102 250 
246 221 30 
121 124 95 
180 64 112 
216 138 250 
112 219 78 
122 97 12 
93 131 243 
2 240 7 
67 17 168 
105 79 14 
99 69 236 
130 191 104 
225 115 168 
81 76 50 
76 188 13 
154 54 110 
167 147 241 
154 149 225 
161 217 242 
74 66 65 
88 166 135 
68 40 70 
172 9 185 
84 90 5 
134 166 193 
147 65 247 
1 232 139 
242 130 32 
211 35 249 
197 109 60 
7 198 226 
142 10 10 
212 183 19 
141 11 109 
147 146 20 
84 37 85 
76 39 61 
215 25 191 
247 237 226 
241 178 80 
45 185 22 
15 71 32 
25 27 215 
44 169 227 
153 60 117 
173 144 154 
2 220 193 
63 179 219 
254 171 200 
225 156 122 
49 201 52 
71 216 123 
103 241 151 
63 29 64 
34 182 124 
151 100 12 
49 102 233 
243 166 156 
206 164 71 
150 133 227 
16 182 172 
68 253 132 
192 101 117 
87 164 146 
151 198 73 
19 93 173 
31 142 19 
8 129 185 
165 79 94 
236 229 227 
208 246 154 
124 58 151 
1 250 252 
118 81 160 
9 232 102 
82 251 195 
255 27 82 
18 35 211 
204 200 35 
42 181 8 
13 133 254 
167 1 57 
63 2 51 
59 121 133 
220 130 109 
66 212 105 
6 211 132 
88 229 167 
43 177 112 
78 219 37 
87 233 170 
85 144 171 
142 207 174 
194 11 39 
71 231 169 
180 41 125 
29 47 80 
161 135 53 
73 179 231 
185 1 194 
222 88 171 
136 174 60 
51 60 11 
225 254 22 
8 69 253 
177 250 39 
46 23 86 
126 185 222 
180 2 145 
155 187 146 
93 153 235 
9 33 153 
69 84 213 
80 54 212 
103 62 25 
100 240 19 
139 30 43 
226 157 228 
192 81 230 
81 236 161 
227 73 58 
206 82 91 
103 151 175 
61 232 229 
17 79 36 
42 179 20 
62 63 50 
105 33 207 
77 225 32 
51 50 12 
212 21 86 
14 228 168 
105 75 64 
24 136 40 
254 153 119 
34 196 42 
54 2 105 
104 107 138 
56 184 107 
88 235 157 
101 191 179 
187 205 151 
99 54 226 
163 78 107 
203 76 4 
66 110 200 
109 164 202 
214 13 53 
97 69 237 
204 157 216 
106 2 151 
29 189 100 
180 33 154 
150 196 233 
1 144 53 
6 210 164 
206 63 72 
153 22 85 
206 119 154 
188 67 56 
148 173 58 
44 202 248 
144 126 25 
43 21 221 
20 22 109 
73 28 64 
237 235 127 
54 132 149 
139 82 12 
38 14 80 
94 163 253 
152 207 200 
144 95 70 
169 138 91 
135 158 114 
244 232 142 
52 213 121 
180 11 253 
73 151 80 
86 189 94 
166 27 1 
163 179 208 
107 68 48 
178 237 186 
13 116 89 
127 105 65 
14 157 22 
135 81 34 
133 155 185 
213 241 118 
51 151 145 
53 58 68 
5 166 136 
53 88 118 
240 101 234 
73 229 83 
138 243 241 
160 122 66 
194 255 221 
123 212 206 
241 8 101 
130 61 160 
199 66 70 
79 120 158 
197 104 3 
176 177 232 
3 59 219 
244 219 86 
55 158 85 
20 25 42 
227 11 50 
72 141 111 
232 84 177 
46 164 41 
204 105 145 
208 25 66 
184 29 125 
148 17 89 
234 72 247 
63 93 16 
105 64 27 
155 136 169 
10 113 253 
188 159 161 
229 108 11 
119 60 36 
185 244 65 
55 136 83 
144 114 155 
135 178 248 
151 27 56 
179 183 193 
92 193 50 
89 125 209 
251 99 61 
6 218 121 
42 147 110 
108 202 246 
191 90 105 
90 225 27 
83 121 54 
139 44 237 
76 136 175 
126 225 44 
80 220 143 
141 226 105 
7 13 253 
117 121 199 
107 56 34 
212 146 3 
239 229 124 
38 113 168 
19 189 48 
194 60 18 
239 140 238 
126 25 209 
232 32 222 
229 149 87 
172 1 143 
206 213 33 
210 197 7 
78 235 120 
247 254 53 
39 193 113 
57 176 253 
40 46 23 
249 22 55 
215 251 205 
46 168 206 
189 118 163 
222 72 104 
229 151 83 
93 142 82 
147 181 19 
4 239 195 
2 23 241 
25 16 8 
80 231 3 
29 21 171 
235 210 34 
143 176 106 
247 150 1 
75 243 143 
157 134 69 
176 139 52 
115 141 75 
100 166 91 
108 246 66 
112 20 87 
27 255 41 
61 142 217 
168 134 111 
169 209 99 
57 110 233 
126 30 116 
178 145 1 
253 245 167 
88 98 158 
154 210 178 
241 237 177 
26 43 64 
243 211 198 
99 124 151 
198 181 5 
175 51 35 
36 229 180 
37 226 169 
205 58 11 
107 212 221 
29 197 203 
206 223 246 
14 211 201 
212 54 69 
107 252 251 
112 171 46 
147 207 20 
71 245 246 
241 194 49 
252 45 5 
218 74 203 
165 24 170 
155 39 125 
100 251 179 
169 103 175 
164 215 91 
211 107 42 
231 178 31 
221 163 225 
14 160 14 
20 122 88 
223 31 113 
137 186 152 
7 30 147 
186 199 250 
106 108 210 
197 63 61 
239 38 239 
15 3 147 
240 18 51 
255 38 173 
87 5 204 
200 142 134 
96 149 164 
244 80 107 
238 186 215 
192 127 22 
253 110 60 
237 125 64 
128 110 82 
179 109 120 
96 196 125 
44 141 11 
178 237 161 
86 225 241 
193 208 171 
153 144 42 
175 142 152 
236 123 22 
44 251 132 
126 174 241 
246 14 181 
115 58 66 
126 236 48 
31 66 17 
16 3 225 
187 156 114 
229 76 0 
126 56 123 
148 100 118 
24 226 36 
9 216 50 
190 75 108 
1 201 88 
49 233 154 
66 249 157 
36 181 58 
150 154 134 
150 24 190 
17 172 34 
135 196 4 
171 205 220 
221 140 39 
73 141 240 
161 190 217 
59 0 211 
216 36 136 
18 186 34 
152 80 59 
86 97 231 
120 232 172 
124 147 121 
88 112 5 
127 185 146 
112 90 80 
73 149 81 
28 110 117 
164 128 48 
199 25 128 
2 111 226 
233 232 202 
149 100 94 
15 189 206 
20 60 136 
167 172 226 
247 246 120 
72 18 230 
190 183 102 
238 126 127 
110 128 239 
80 105 215 
27 255 59 
121 14 248 
71 34 53 
207 201 225 
178 193 215 
42 9 234 
16 199 161 
118 181 31 
246 36 159 
229 116 8 
188 143 7 
247 8 21 
240 80 56 
37 31 1 
6 209 194 
222 251 204 
200 11 147 
105 130 73 
136 120 109 
39 93 225 
47 25 113 
55 16 121 
76 0 201 
132 37 233 
134 44 186 
72 10 182 
20 210 193 
168 59 67 
241 195 187 
94 234 24 
63 25 49 
176 80 66 
42 157 66 
243 33 104 
220 167 148 
151 240 158 
77 4 112 
14 172 171 
82 157 110 
13 251 88 
38 59 113 
87 235 194 
153 21 95 
220 9 128 
68 229 40 
216 124 24 
118 201 28 
230 216 201 
145 42 102 
255 55 98 
87 93 157 
200 181 136 
138 78 158 
233 42 167 
106 110 140 
146 70 9 
170 188 210 
198 162 170 
143 51 212 
246 50 12 
88 137 105 
245 82 30 
125 220 109 
27 198 151 
194 48 6 
79 194 76 
88 108 9 
42 50 171 
213 194 223 
169 184 17 
181 16 155 
31 5 237 
61 130 201 
170 158 143 
66 96 191 
72 175 129 
148 7 237 
157 50 32 
73 7 226 
40 176 154 
57 102 170 
212 133 175 
193 194 49 
139 109 207 
26 175 48 
218 247 223 
91 139 231 
73 41 25 
105 114 32 
75 154 208 
229 211 54 
143 168 187 
62 105 126 
111 244 235 
63 15 154 
111 233 145 
78 68 28 
53 141 69 
78 246 183 
110 65 81 
63 38 37 
117 181 205 
49 243 54 
175 99 43 
154 162 58 
52 17 35 
197 95 103 
225 149 245 
39 227 235 
222 82 45 
48 145 83 
85 6 9 
34 55 252 
88 230 95 
131 128 1 
189 180 18 
224 121 114 
72 91 7 
61 130 234 
40 96 60 
85 144 205 
169 229 212 
178 7 11 
174 96 242 
14 227 114 
15 161 39 
34 129 160 
148 201 251 
155 6 125 
133 47 222 
194 132 110 
143 45 84 
99 223 91 
111 142 187 
97 156 159 
211 171 64 
250 205 193 
155 97 139 
150 252 145 
20 130 192 
242 68 69 
96 211 114 
180 55 82 
16 166 224 
203 7 124 
106 218 39 
170 213 245 
108 112 86 
247 6 83 
136 26 213 
73 12 25 
142 109 236 
0 33 35 
82 49 201 
50 253 208 
174 103 171 
214 18 128 
203 126 240 
33 117 246 
116 253 17 
73 70 29 
98 212 138 
79 213 172 
114 39 221 
60 90 218 
12 8 66 
183 222 84 
55 169 210 
39 203 71 
30 63 68 
47 137 139 
76 235 95 
215 58 52 
131 173 92 
96 233 182 
59 245 190 
125 173 157 
209 228 70 
163 12 17 
234 42 81 
46 89 218 
185 165 197 
25 124 0 
77 255 173 
169 96 150 
95 155 139 
30 24 56 
187 233 29 
1 140 41 
19 118 83 
100 164 172 
62 94 81 
3 119 206 
3 196 205 
176 110 45 
70 205 200 
210 235 224 
10 166 201 
39 168 85 
80 187 203 
163 31 112 
79 93 206 
161 96 69 
111 100 9 
60 20 119 
106 91 69 
50 45 48 
19 55 215 
220 95 127 
50 175 58 
253 83 89 
109 162 182 
59 67 22 
128 178 122 
138 239 143 
1 89 234 
70 139 23 
119 158 78 
78 123 173 
205 173 93 
7 170 176 
96 24 82 
22 83 150 
44 212 72 
167 94 55 
54 95 144 
32 166 28 
55 29 186 
133 107 53 
51 56 226 
144 63 141 
64 159 165 
146 181 248 
40 225 204 
113 136 42 
168 190 138 
57 222 48 
85 21 77 
15 155 184 
69 206 240 
39 94 47 
180 158 206 
89 48 131 
82 89 100 
30 202 237 
73 114 171 
211 171 138 
3 0 159 
80 16 58 
8 85 8 
248 124 102 
39 49 4 
245 138 53 
120 220 142 
220 251 88 
201 68 202 
117 23 118 
255 26 118 
158 106 134 
217 114 219 
225 106 88 
72 145 137 
76 134 19 
129 254 240 
15 218 235 
103 164 47 
50 25 70 
168 24 96 
30 182 202 
165 143 60 
128 113 166 
216 185 55 
97 5 189 
117 135 187 
101 150 149 
80 254 57 
127 48 82 
197 216 106 
37 246 33 
239 155 176 
43 28 33 
209 244 218 
8 86 224 
197 203 103 
128 48 253 
21 128 251 
79 255 43 
161 196 3 
12 233 250 
45 216 149 
221 3 177 
255 212 166 
217 220 252 
185 161 199 
32 33 247 
30 54 119 
25 133 118 
69 39 58 
72 51 35 
66 96 251 
216 61 254 
137 60 210 
47 22 174 
43 207 79 
242 240 112 
233 14 166 
96 39 44 
214 108 83 
16 181 134 
51 247 230 
46 207 35 
44 89 96 
254 136 118 
172 180 69 
251 166 53 
107 144 67 
18 240 107 
62 199 215 
145 215 140 
23 11 132 
253 57 83 
32 102 172 
128 100 53 
246 17 233 
60 12 143 
113 120 31 
181 138 16 
32 200 215 
247 89 174 
132 112 185 
8 109 243 
91 141 89 
8 14 189 
61 4 206 
38 64 219 
181 178 83 
213 103 221 
229 135 165 
188 126 254 
106 2 110 
36 10 219 
23 102 104 
112 110 118 
45 171 123 
252 209 187 
215 134 109 
42 91 212 
7 64 91 
172 252 218 
170 103 220 
24 139 231 
243 162 77 
91 18 187 
210 63 102 
77 59 55 
8 18 189 
118 60 25 
74 67 89 
166 239 86 
128 153 189 
92 177 72 
67 164 234 
144 0 252 
75 210 59 
177 31 119 
232 39 137 
166 157 198 
191 232 9 
24 142 249 
110 14 146 
43 106 68 
115 174 232 
93 62 232 
89 138 186 
149 59 217 
12 36 1 
149 202 158 
91 137 134 
101 161 20 
94 16 34 
240 59 141 
52 175 59 
29 12 121 
5 102 3 
192 251 63 
153 7 99 
154 156 45 
57 248 182 
191 93 87 
212 187 103 
246 171 163 
131 224 82 
190 253 94 
56 2 196 
59 194 191 
122 92 198 
221 246 99 
10 47 91 
192 239 184 
24 195 115 
127 185 30 
34 61 254 
116 251 251 
211 51 254 
151 111 192 
87 233 28 
29 199 19 
128 209 66 
219 146 49 
147 170 244 
6 41 174 
37 76 235 
35 192 230 
31 147 26 
29 43 137 
221 130 114 
250 159 57 
13 32 11 
79 251 157 
129 143 71 
117 149 112 
35 186 188 
14 222 125 
245 253 16 
15 26 59 
152 247 189 
10 241 93 
68 254 125 
79 78 120 
236 207 7 
51 68 157 
163 104 87 
96 118 53 
221 107 50 
237 122 76 
41 18 68 
230 29 53 
67 97 52 
192 176 130 
57 156 81 
64 207 149 
221 114 253 
53 210 116 
106 175 223 
157 157 90 
233 198 108 
45 172 137 
99 240 234 
151 176 154 
25 233 54 
106 42 5 
255 7 120 
253 60 74 
113 167 250 
80 68 151 
170 45 93 
23 91 9 
160 190 249 
139 85 170 
37 110 147 
92 216 189 
97 215 197 
217 212 1 
36 69 168 
30 150 236 
181 64 26 
18 87 117 
27 248 51 
21 131 136 
191 168 246 
82 4 206 
16 102 165 
213 63 122 
214 99 191 
127 129 85 
107 54 150 
133 72 237 
250 100 229 
45 121 104 
181 56 17 
171 138 21 
121 154 123 
31 111 187 
153 70 30 
88 197 160 
174 48 214 
68 182 31 
49 176 131 
23 222 252 
127 147 52 
144 63 190 
166 184 89 
33 215 200 
220 112 14 
251 201 211 
155 119 4 
113 187 186 
144 236 106 
19 3 72 
15 131 220 
67 19 27 
2 185 211 
91 219 171 
35 183 27 
50 178 228 
5 77 91 
9 191 22 
195 79 3 
46 99 6 
118 114 137 
82 182 157 
109 184 86 
65 19 49 
236 54 233 
7 104 155 
236 110 233 
71 119 168 
94 59 247 
97 105 90 
103 223 205 
241 50 131 
142 159 59 
228 224 78 
22 204 132 
255 212 237 
154 192 91 
131 7 210 
43 101 13 
35 198 118 
125 46 86 
74 31 136 
205 173 39 
8 145 8 
86 167 212 
219 166 168 
200 65 104 
35 196 112 
245 240 213 
3 19 156 
121 144 202 
207 219 233 
87 168 150 
127 177 39 
135 7 207 
91 226 117 
4 170 182 
108 205 123 
220 195 107 
178 198 126 
78 63 14 
24 15 233 
1 102 146 
151 229 67 
190 108 74 
141 200 45 
3 204 215 
185 56 165 
52 21 104 
159 199 46 
29 21 109 
44 45 124 
21 46 227 
167 197 200 
234 131 53 
53 17 253 
98 20 201 
57 205 1 
222 2 22 
70 161 221 
116 191 242 
226 235 31 
94 0 77 
65 168 18 
10 146 150 
63 199 167 
60 41 187 
5 99 136 
6 65 138 
29 136 44 
250 252 235 
237 222 214 
12 61 214 
90 126 126 
108 136 17 
2 199 216 
169 3 2 
100 8 101 
237 15 166 
119 44 46 
163 38 43 
142 19 9 
100 32 70 
59 122 197 
185 230 77 
202 233 21 
163 146 24 
165 247 33 
10 228 48 
176 91 92 
223 255 130 
10 141 150 
19 242 182 
90 45 48 
31 230 22 
108 177 255 
129 84 146 
154 249 137 
187 3 109 
235 179 200 
71 146 199 
201 156 85 
95 176 71 
21 10 116 
69 41 90 
92 149 11 
91 23 95 
237 177 88 
118 108 91 
227 87 15 
172 158 161 
115 103 62 
200 199 238 
15 220 248 
131 34 33 
222 126 182 
233 217 205 
73 199 126 
161 61 234 
253 33 65 
12 205 223 
173 64 71 
235 9 14 
217 24 234 
209 156 12 
242 122 138 
169 99 100 
118 172 43 
245 78 104 
223 75 137 
33 87 86 
0 4 151 
71 240 160 
85 201 184 
64 155 84 
76 141 206 
215 54 50 
59 173 222 
102 162 44 
206 129 119 
88 162 206 
174 163 211 
69 234 195 
229 64 140 
158 128 39 
242 204 181 
193 163 235 
243 222 152 
209 68 58 
254 19 188 
117 107 94 
68 25 1 
23 95 236 
218 68 44 
102 226 172 
142 213 120 
67 150 28 
46 137 250 
199 90 63 
1 88 82 
189 206 189 
28 18 214 
29 41 53 
9 3 122 
53 105 92 
225 247 49 
90 58 199 
118 105 80 
112 48 171 
175 49 3 
1 239 209 
190 11 227 
149 40 12 
202 50 15 
68 103 121 
161 73 112 
210 163 171 
154 25 20 
234 137 68 
149 57 117 
153 58 100 
106 249 111 
78 142 152 
90 88 202 
106 157 49 
227 62 122 
83 16 29 
254 170 54 
18 149 192 
86 42 249 
204 195 51 
48 46 44 
160 124 186 
56 214 19 
2 64 176 
51 35 238 
174 119 254 
203 117 169 
2 136 62 
194 222 104 
187 170 44 
238 219 90 
27 123 214 
213 179 172 
232 181 237 
152 232 16 
134 150 135 
133 98 253 
46 100 133 
108 38 99 
212 225 14 
0 207 233 
90 234 100 
48 192 23 
221 168 204 
202 65 180 
218 199 75 
98 76 173 
95 122 17 
228 230 55 
71 187 24 
85 187 231 
62 22 210 
162 70 146 
185 35 58 
133 237 123 
58 200 67 
133 42 143 
50 137 10 
67 109 240 
122 180 171 
146 10 103 
121 72 125 
75 235 195 
221 164 231 
24 42 212 
147 100 156 
214 233 198 
102 27 79 
112 94 188 
96 216 113 
12 106 123 
115 227 195 
240 47 174 
179 12 83 
154 36 125 
111 184 225 
11 142 202 
210 244 229 
33 100 67 
222 197 27 
79 209 133 
202 68 104 
141 52 151 
60 231 164 
143 130 200 
12 241 128 
237 252 15 
183 206 3 
156 240 104 
223 206 45 
250 29 254 
127 231 66 
231 116 118 
127 176 93 
35 63 223 
235 75 208 
108 56 205 
123 239 155 
126 139 139 
230 106 89 
19 100 118 
17 227 93 
83 203 210 
201 74 130 
39 109 194 
6 88 13 
215 196 70 
164 63 53 
63 190 193 
203 164 43 
36 184 144 
155 201 115 
248 29 62 
202 230 136 
77 13 245 
15 20 78 
28 235 18 
98 143 82 
152 206 16 
89 153 180 
132 190 108 
20 89 54 
136 81 83 
198 28 57 
79 105 71 
68 120 91 
146 148 70 
165 247 213 
247 143 163 
7 232 61 
187 108 251 
40 129 84 
94 9 165 
177 207 193 
234 30 42 
49 99 162 
140 245 55 
210 154 46 
167 145 189 
75 152 165 
136 84 17 
131 124 146 
215 218 155 
124 139 107 
62 117 137 
104 167 236 
11 51 226 
66 6 124 
112 173 14 
45 248 166 
210 128 250 
227 3 118 
118 218 80 
17 87 219 
124 149 81 
6 253 248 
242 8 43 
212 74 49 
81 186 223 
95 231 215 
5 185 88 
0 157 91 
118 19 54 
199 36 141 
162 161 34 
243 167 31 
235 153 40 
23 110 114 
72 191 45 
39 30 20 
255 35 206 
87 35 107 
178 154 126 
232 97 162 
117 3 67 
151 247 234 
183 226 132 
223 249 242 
81 66 177 
126 105 207 
147 104 242 
97 191 22 
204 114 176 
74 90 17 
236 208 20 
48 103 11 
26 30 238 
158 253 231 
144 79 41 
65 205 147 
16 96 251 
3 193 187 
25 141 45 
201 215 135 
218 196 87 
238 244 191 
250 14 221 
232 173 219 
207 61 42 
249 127 247 
140 143 88 
135 146 25 
66 171 167 
111 116 126 
247 78 66 
78 61 54 
13 55 69 
235 31 242 
198 238 47 
240 231 174 
231 115 62 
63 251 208 
89 61 124 
0 173 240 
126 164 63 
193 242 124 
247 0 179 
60 235 210 
46 177 192 
94 161 168 
12 136 27 
74 200 22 
27 33 84 
151 33 1 
135 159 165 
198 96 151 
66 88 151 
245 148 130 
199 195 51 
136 33 212 
48 45 93 
75 120 37 
98 147 70 
182 42 103 
183 177 6 
92 120 103 
243 186 191 
139 176 83 
13 119 22 
65 255 55 
21 47 101 
114 123 221 
151 221 112 
221 147 154 
68 74 75 
75 166 195 
178 153 126 
113 36 46 
196 50 165 
219 115 165 
18 136 212 
119 251 79 
84 146 44 
196 112 191 
94 180 9 
170 255 175 
109 177 73 
235 34 109 
25 231 159 
191 194 18 
100 212 155 
56 76 150 
136 160 40 
180 101 152 
116 195 77 
125 109 76 
45 219 254 
118 198 32 
227 224 7 
131 159 201 
149 3 158 
48 59 234 
198 195 138 
239 120 239 
135 236 179 
212 105 32 
33 150 251 
31 12 194 
63 240 162 
71 115 65 
16 8 68 
174 57 127 
152 255 67 
35 238 187 
18 118 167 
197 74 16 
230 107 167 
225 138 179 
163 202 163 
69 17 22 
134 33 31 
202 208 88 
74 104 87 
141 139 70 
72 158 188 
239 99 6 
255 73 114 
166 43 252 
90 206 198 
253 20 215 
20 154 249 
51 101 201 
139 175 49 
226 60 189 
40 132 91 
228 115 190 
235 114 8 
93 25 51 
89 115 1 
32 112 21 
247 132 176 
240 183 21 
185 66 196 
235 37 0 
168 77 132 
3 50 247 
193 29 105 
201 122 130 
252 211 245 
254 243 102 
19 235 234 
195 219 162 
216 149 228 
156 128 9 
156 40 87 
32 43 137 
23 236 166 
129 182 32 
3 178 243 
249 176 231 
95 196 210 
73 135 173 
235 96 66 
208 252 194 
217 153 234 
48 185 21 
185 209 2 
95 82 184 
127 85 106 
115 78 27 
90 173 223 
44 247 102 
217 226 198 
28 178 195 
222 140 92 
201 188 21 
222 118 230 
224 213 56 
152 85 142 
3 200 220 
30 34 138 
253 78 129 
99 39 99 
42 67 22 
237 34 162 
73 235 94 
94 201 212 
69 170 170 
125 66 255 
11 69 199 
232 99 233 
114 96 55 
243 196 94 
86 238 162 
108 219 196 
14 36 175 
109 130 120 
65 199 34 
235 69 101 
234 80 170 
177 56 14 
154 170 110 
209 157 50 
48 244 32 
210 96 251 
150 111 31 
69 220 162 
189 29 105 
224 9 174 
69 243 255 
239 165 55 
253 63 226 
108 17 127 
158 65 115 
191 19 212 
186 169 67 
218 238 31 
124 171 60 
229 139 69 
148 208 57 
147 192 222 
202 189 29 
172 41 46 
44 200 111 
159 135 130 
115 65 43 
182 27 25 
213 151 197 
18 125 80 
87 17 33 
144 164 225 
110 110 158 
140 27 200 
186 71 144 
42 230 23 
172 90 88 
216 16 116 
241 230 11 
182 248 136 
7 79 153 
40 224 61 
9 78 172 
167 218 199 
111 149 14 
255 191 244 
22 107 78 
111 67 95 
227 53 69 
238 235 61 
119 242 140 
16 26 108 
78 35 187 
250 203 149 
193 58 42 
207 58 233 
195 80 85 
18 191 152 
113 162 205 
182 145 185 
243 8 171 
127 24 198 
236 102 233 
167 96 180 
60 33 239 
103 240 41 
80 180 121 
165 198 57 
62 55 219 
11 237 108 
196 224 116 
112 95 141 
54 75 243 
31 242 84 
212 47 117 
195 150 102 
236 230 26 
101 140 224 
158 202 23 
122 213 4 
230 154 228 
91 10 67 
232 64 143 
219 95 129 
47 51 176 
165 246 70 
11 226 45 
37 72 185 
5 230 131 
28 96 88 
32 71 242 
4 162 252 
71 138 60 
214 101 156 
88 149 207 
8 58 198 
79 69 168 
124 106 240 
53 111 215 
184 139 55 
16 171 126 
3 175 32 
255 246 170 
60 205 16 
216 37 165 
167 45 223 
109 124 36 
22 248 142 
6 45 253 
221 229 136 
21 246 51 
147 249 226 
180 248 216 
94 52 165 
110 12 202 
19 180 248 
242 33 116 
22 55 109 
164 62 154 
161 27 128 
41 48 118 
92 196 111 
62 120 103 
23 214 156 
188 69 168 
135 88 92 
127 75 126 
243 97 181 
96 6 243 
251 167 15 
123 209 63 
241 45 3 
96 108 123 
199 131 82 
99 63 151 
12 198 239 
104 69 58 
230 57 156 
156 153 162 
143 148 73 
158 15 26 
222 0 72 
225 96 180 
93 40 55 
175 139 118 
70 151 61 
53 0 130 
112 230 187 
12 130 85 
174 18 233 
247 176 249 
18 142 249 
90 112 90 
14 205 130 
69 124 13 
187 194 165 
248 247 165 
123 103 139 
54 115 14 
139 33 32 
117 25 208 
110 43 95 
103 133 207 
193 147 156 
67 216 24 
81 147 218 
246 140 209 
155 7 57 
38 61 172 
52 201 206 
84 62 231 
37 172 18 
132 19 151 
83 213 42 
239 24 2 
7 105 149 
225 95 33 
178 250 40 
235 33 102 
152 85 47 
102 170 109 
77 207 25 
95 83 44 
246 166 1 
32 149 26 
34 156 131 
183 125 227 
217 47 221 
1 27 254 
103 179 84 
150 25 254 
3 102 205 
28 197 32 
73 187 198 
74 219 91 
100 253 247 
232 180 116 
203 141 163 
168 143 190 
167 246 113 
251 141 138 
249 144 240 
198 173 181 
230 246 112 
172 64 75 
7 165 72 
254 141 253 
114 88 138 
21 0 25 
212 167 16 
69 162 157 
208 155 45 
192 97 218 
118 71 208 
230 243 17 
50 250 182 
122 248 67 
119 106 155 
2 128 155 
27 84 67 
43 153 229 
200 105 129 
246 42 226 
208 160 42 
161 134 29 
178 184 24 
104 51 16 
171 170 123 
70 172 251 
225 200 79 
36 243 232 
10 188 82 
139 178 124 
109 130 28 
151 35 162 
181 213 91 
205 61 142 
221 232 56 
88 46 229 
83 16 173 
162 52 160 
139 62 92 
221 201 14 
89 55 145 
117 206 180 
23 131 138 
114 80 199 
0 46 176 
57 134 222 
30 218 238 
203 124 35 
107 7 97 
200 228 43 
214 61 98 
103 178 48 
28 202 180 
166 60 4 
109 61 50 
29 118 185 
252 148 147 
234 95 15 
13 202 23 
111 146 251 
154 105 57 
252 208 235 
44 236 181 
224 146 242 
229 0 47 
23 29 165 
208 25 57 
99 4 152 
115 17 98 
138 128 245 
133 26 94 
190 22 46 
170 67 27 
95 35 173 
81 8 173 
128 32 203 
37 240 228 
94 84 232 
246 199 250 
89 81 122 
78 214 149 
172 149 171 
218 63 238 
245 158 18 
163 240 26 
80 112 58 
27 150 43 
0 244 127 
232 235 70 
226 68 151 
93 146 109 
242 62 2 
157 24 65 
140 14 224 
158 177 208 
184 1 64 
243 29 214 
30 29 203 
157 5 182 
227 232 250 
122 69 140 
231 55 202 
234 212 226 
43 96 240 
11 254 161 
219 183 163 
28 170 192 
242 200 221 
189 101 226 
115 72 202 
109 194 15 
249 169 70 
195 147 27 
166 191 123 
150 202 122 
56 166 49 
219 194 219 
155 180 163 
120 114 8 
90 229 80 
37 83 18 
52 76 187 
123 16 79 
150 182 14 
17 76 216 
139 132 126 
188 95 64 
151 250 245 
58 114 103 
66 205 76 
146 242 159 
164 38 236 
96 161 252 
175 55 178 
189 73 254 
149 212 131 
20 145 226 
84 40 221 
73 99 79 
176 165 28 
253 56 14 
156 220 53 
136 60 214 
132 235 14 
54 168 87 
53 62 43 
184 82 188 
154 166 229 
119 240 72 
199 160 237 
227 157 37 
242 58 2 
39 194 62 
253 71 42 
11 125 210 
98 178 16 
142 106 98 
74 5 9 
47 124 249 
119 67 153 
101 39 55 
138 25 113 
140 64 51 
203 61 122 
245 73 248 
199 171 170 
216 57 21 
58 132 26 
67 179 150 
60 43 218 
214 144 1 
13 26 26 
126 167 90 
177 114 151 
44 103 224 
36 46 140 
206 6 197 
227 65 73 
253 132 253 
148 193 40 
110 151 184 
111 164 210 
137 34 121 
227 211 235 
122 255 82 
91 35 129 
231 242 135 
172 213 200 
246 211 77 
243 103 14 
27 213 165 
211 68 73 
165 205 107 
31 176 62 
10 42 62 
93 133 97 
222 108 83 
101 25 41 
46 15 252 
123 2 99 
137 29 56 
46 240 124 
119 149 73 
226 180 249 
32 191 35 
94 28 169 
192 250 21 
19 95 46 
60 141 61 
56 8 63 
155 145 92 
211 191 76 
79 54 226 
152 24 150 
145 57 85 
181 151 113 
94 87 107 
115 107 203 
162 167 88 
223 224 97 
31 123 242 
123 79 178 
200 158 232 
170 55 1 
64 200 58 
150 125 209 
7 219 41 
115 79 148 
62 241 59 
150 208 27 
247 239 151 
234 107 230 
156 51 132 
132 221 187 
133 29 132 
191 179 1 
145 187 221 
186 46 44 
78 108 29 
137 2 237 
165 250 221 
60 228 72 
34 128 123 
166 4 88 
98 138 117 
230 73 41 
231 218 228 
196 148 18 
240 226 126 
13 108 128 
251 17 122 
216 77 94 
32 111 222 
155 21 227 
243 119 109 
104 93 182 
145 69 145 
117 9 37 
135 250 8 
5 7 116 
134 2 133 
0 218 210 
95 250 65 
61 149 86 
32 136 206 
141 241 43 
68 130 112 
213 248 122 
250 127 116 
2 133 123 
118 11 126 
251 11 88 
205 106 83 
14 168 232 
101 200 113 
51 86 98 
94 154 228 
207 111 220 
73 105 92 
189 108 225 
56 226 236 
182 222 247 
15 171 98 
98 186 10 
74 31 210 
187 82 40 
29 176 194 
2 127 49 
222 200 155 
58 133 7 
27 190 233 
7 116 199 
255 131 115 
97 229 45 
107 48 76 
61 235 158 
102 9 78 
40 11 206 
90 233 150 
245 36 28 
252 63 218 
229 71 78 
173 70 210 
32 167 183 
77 18 231 
153 79 211 
55 181 220 
133 222 231 
83 56 208 
234 45 244 
6 41 52 
224 14 123 
46 187 193 
0 219 104 
184 40 122 
159 193 201 
114 248 127 
78 126 93 
53 209 149 
6 187 194 
250 193 235 
46 161 249 
169 208 181 
106 208 144 
210 136 185 
76 40 122 
22 154 115 
149 233 241 
242 30 194 
135 36 126 
73 31 63 
52 77 225 
45 247 177 
226 97 129 
115 52 10 
44 128 50 
166 150 204 
25 43 181 
10 29 212 
205 164 248 
75 237 23 
138 33 101 
107 79 92 
28 49 189 
158 164 241 
168 208 114 
218 119 8 
166 144 52 
92 155 81 
48 104 246 
40 179 227 
64 61 5 
165 169 84 
1 197 133 
190 99 42 
176 11 250 
34 229 113 
42 140 2 
94 232 157 
176 24 5 
166 64 184 
137 128 245 
142 37 158 
226 38 100 
104 229 199 
146 149 211 
140 183 184 
254 225 68 
0 64 44 
157 240 68 
162 150 133 
90 31 5 
79 174 43 
238 144 81 
82 248 54 
25 138 203 
236 23 130 
165 21 100 
233 21 164 
22 178 148 
90 84 42 
223 174 73 
229 253 247 
16 235 136 
97 61 128 
152 87 11 
99 67 34 
230 232 55 
74 210 76 
238 232 254 
130 66 82 
172 34 0 
245 7 253 
237 23 233 
117 120 38 
245 16 125 
0 116 193 
34 90 169 
89 164 123 
165 146 99 
163 20 166 
245 192 200 
245 181 207 
243 162 230 
220 23 94 
2 13 111 
128 13 227 
65 48 61 
234 137 225 
102 47 115 
201 210 135 
111 200 71 
55 189 252 
6 176 159 
236 140 182 
75 143 195 
186 15 209 
157 80 1 
218 58 138 
187 160 185 
46 106 140 
181 217 84 
252 17 17 
248 23 194 
151 4 78 
78 79 221 
17 9 236 
226 166 60 
227 128 119 
110 59 23 
39 105 129 
179 30 91 
7 26 108 
25 18 131 
219 170 135 
41 248 214 
7 9 223 
243 236 133 
48 207 5 
167 61 64 
190 101 169 
64 24 199 
155 32 225 
7 57 244 
138 20 158 
18 61 150 
232 68 159 
200 56 139 
77 104 91 
83 15 152 
147 205 253 
61 13 22 
4 168 54 
230 175 111 
218 58 131 
120 76 192 
14 52 5 
173 252 61 
57 74 165 
148 157 180 
44 48 129 
42 109 143 
64 114 55 
118 88 231 
229 50 33 
104 170 109 
40 184 161 
45 101 158 
106 158 232 
15 50 133 
195 95 181 
69 137 35 
212 201 149 
11 63 237 
242 36 31 
19 140 201 
128 180 129 
34 226 230 
192 76 133 
168 92 183 
45 31 22 
226 100 159 
5 56 104 
154 68 167 
135 54 203 
166 74 87 
111 202 12 
240 236 238 
215 172 58 
92 84 150 
19 129 182 
42 100 26 
201 105 83 
50 4 151 
217 139 205 
165 50 23 
252 161 226 
8 146 206 
246 105 123 
49 197 207 
199 216 81 
125 2 181 
152 204 30 
235 254 34 
130 215 174 
79 124 224 
103 121 129 
73 129 19 
23 120 124 
146 169 65 
98 112 26 
179 238 28 
104 134 232 
134 113 230 
169 243 190 
87 66 58 
55 169 179 
184 242 53 
204 10 173 
72 156 86 
138 254 198 
164 177 180 
192 25 58 
169 160 171 
143 73 158 
77 160 225 
136 215 138 
59 143 125 
112 91 135 
29 164 35 
115 46 34 
58 210 211 
238 146 237 
41 59 141 
212 203 214 
115 24 118 
84 160 77 
222 220 220 
91 76 56 
226 106 220 
6 221 10 
40 23 220 
251 6 110 
232 47 170 
117 3 117 
75 118 141 
193 202 46 
14 169 10 
235 4 86 
35 231 192 
255 237 158 
9 21 181 
229 16 187 
83 249 234 
253 110 238 
114 186 100 
0 123 47 
46 138 216 
56 117 220 
142 152 195 
79 151 176 
237 160 197 
162 133 214 
94 216 207 
72 214 61 
54 72 247 
155 72 115 
202 118 253 
162 174 114 
126 61 10 
66 140 161 
242 121 65 
184 27 198 
142 121 158 
93 194 116 
154 248 189 
146 147 5 
5 93 124 
2 255 42 
116 126 103 
126 192 243 
31 178 108 
96 106 136 
38 248 1 
196 85 195 
57 240 188 
246 130 79 
251 135 173 
119 137 172 
162 253 42 
9 123 234 
253 154 157 
105 250 7 
241 32 0 
243 228 85 
182 29 69 
114 19 199 
194 15 78 
111 134 215 
27 40 212 
70 50 79 
48 47 233 
205 152 227 
213 138 3 
213 125 232 
42 51 5 
112 166 25 
55 104 40 
134 215 174 
93 242 215 
50 56 9 
129 105 56 
107 54 208 
78 11 90 
82 224 215 
58 11 11 
63 123 177 
88 178 25 
128 56 240 
47 150 226 
6 200 27 
15 73 132 
71 180 186 
23 3 198 
114 85 166 
73 143 177 
84 206 44 
5 39 223 
30 167 23 
14 214 173 
241 220 117 
12 235 191 
144 50 115 
74 74 118 
16 188 203 
183 5 90 
104 90 41 
149 95 80 
116 126 247 
139 140 206 
57 125 170 
174 137 150 
109 25 200 
225 100 18 
87 116 206 
35 43 212 
125 148 46 
166 41 141 
246 157 11 
238 40 152 
188 97 21 
102 16 159 
252 125 184 
197 94 28 
215 182 145 
166 217 188 
122 86 80 
168 253 121 
53 243 22 
65 225 63 
217 157 160 
238 4 176 
141 0 46 
70 197 140 
98 157 66 
243 67 27 
176 189 114 
0 101 111 
122 154 98 
144 219 68 
207 180 225 
112 163 229 
32 48 230 
78 118 171 
219 217 72 
29 204 139 
57 124 72 
171 125 173 
26 247 72 
124 135 35 
192 87 216 
162 199 123 
135 231 171 
109 54 34 
25 17 251 
97 46 199 
237 103 68 
53 18 193 
227 44 184 
43 169 63 
78 105 150 
38 11 93 
161 147 69 
77 0 123 
111 25 140 
106 123 186 
49 104 34 
117 157 52 
54 128 97 
238 171 10 
46 250 115 
196 32 127 
34 194 18 
103 15 18 
226 126 44 
110 232 167 
40 25 15 
74 143 172 
127 197 45 
224 180 216 
234 226 210 
93 166 243 
220 200 181 
238 47 196 
1 17 66 
45 127 42 
212 168 67 
227 242 210 
143 113 152 
188 81 76 
149 59 46 
103 153 212 
90 117 157 
15 100 204 
211 101 222 
21 146 93 
63 102 5 
131 73 248 
85 216 105 
237 149 187 
57 42 246 
103 145 143 
60 236 5 
217 251 105 
165 207 206 
131 228 96 
225 36 198 
230 167 15 
222 252 231 
72 234 124 
3 35 166 
249 139 56 
137 199 36 
142 160 31 
247 69 238 
197 201 211 
37 170 247 
235 144 158 
250 111 154 
225 183 132 
94 186 168 
4 179 51 
60 60 250 
96 202 154 
128 193 223 
110 134 168 
65 171 82 
56 150 227 
214 144 82 
113 114 9 
245 208 195 
157 212 118 
208 17 179 
202 113 125 
100 241 63 
68 96 197 
236 161 113 
63 218 7 
34 176 152 
116 33 10 
125 23 218 
64 180 174 
182 133 191 
105 79 49 
231 180 34 
38 248 130 
235 228 36 
92 35 254 
100 69 174 
252 185 208 
6 54 231 
224 118 155 
142 45 32 
78 150 112 
127 125 36 
161 163 28 
36 143 0 
72 235 36 
70 79 105 
244 75 35 
196 81 89 
171 49 208 
71 192 253 
103 14 147 
215 141 17 
251 46 180 
23 82 67 
24 154 47 
60 224 126 
165 213 202 
200 153 27 
34 69 77 
242 140 13 
239 243 27 
130 203 168 
147 198 214 
72 222 41 
139 246 195 
186 50 164 
57 215 121 
3 160 18 
30 194 87 
107 180 227 
120 163 215 
147 37 162 
59 185 104 
18 1 70 
59 140 60 
254 71 110 
162 128 70 
27 131 230 
46 161 168 
133 13 92 
105 133 255 
64 25 36 
226 84 221 
74 102 222 
145 161 107 
205 160 178 
60 66 50 
130 94 181 
104 140 86 
16 17 99 
108 122 233 
107 186 2 
143 156 86 
109 231 189 
75 120 94 
182 69 254 
104 129 65 
154 3 159 
79 107 43 
166 123 60 
9 231 183 
242 82 113 
244 226 14 
75 79 245 
8 154 109 
102 81 178 
101 185 52 
166 84 55 
69 163 163 
112 73 30 
172 83 6 
99 69 88 
213 58 58 
227 133 137 
216 141 36 
69 243 117 
247 88 46 
43 254 130 
99 67 38 
6 179 111 
36 96 194 
42 195 8 
131 152 66 
189 123 199 
71 83 84 
107 152 71 
224 144 160 
14 187 158 
145 30 226 
183 36 149 
38 73 245 
233 115 185 
241 246 81 
51 180 205 
250 251 32 
78 102 185 
149 70 73 
53 84 4 
212 229 35 
182 156 71 
75 195 144 
65 172 4 
250 157 250 
75 208 174 
24 202 169 
57 24 15 
242 173 85 
59 227 170 
63 183 143 
98 109 44 
170 184 239 
58 249 155 
62 243 56 
57 63 8 
231 87 210 
145 144 234 
160 130 151 
246 189 122 
160 253 49 
47 95 158 
91 9 87 
74 68 80 
229 130 68 
29 187 131 
37 163 218 
